84 319
0 1
0 2
0 3
0 4
0 5
0 6
0 7
0 8
0 9
0 10
0 11
0 12
0 13
0 14
0 15
0 16
0 17
0 18
0 19
0 20
0 21
0 22
0 23
0 24
0 25
0 26
0 27
0 28
0 29
0 30
0 31
0 32
0 33
0 34
0 35
0 36
0 37
0 38
0 39
0 40
0 41
0 42
0 43
0 44
0 45
0 46
0 47
0 48
0 49
0 50
0 51
0 52
0 53
0 54
0 55
0 56
0 57
0 58
0 59
0 60
0 61
0 62
0 63
0 64
0 65
0 66
0 67
0 68
0 69
0 70
0 71
0 72
0 73
0 74
0 75
0 76
0 77
0 78
0 79
1 4
1 9
1 25
1 27
1 30
1 35
1 37
1 40
1 41
1 60
2 9
2 16
2 17
2 18
2 24
2 26
2 49
2 78
3 38
3 40
3 67
4 9
4 24
4 31
4 51
4 70
4 74
4 76
4 77
5 8
5 11
5 18
5 24
5 35
5 45
5 47
5 74
5 76
6 58
6 64
6 77
7 42
7 51
7 70
8 26
8 56
8 78
9 21
9 41
9 44
10 35
10 75
11 28
11 33
11 35
11 43
11 49
11 62
11 66
11 71
12 20
12 27
12 30
12 32
12 54
12 65
13 36
13 37
13 43
14 45
14 47
14 52
14 58
14 68
14 79
15 40
16 21
16 22
16 27
16 41
16 55
16 61
16 64
16 66
17 18
17 56
17 60
18 24
18 45
18 50
18 51
18 56
18 63
18 68
18 79
19 27
19 38
19 50
19 52
19 75
19 76
20 39
20 42
20 63
20 67
20 69
20 73
21 31
21 36
21 61
21 64
22 25
22 45
22 46
22 60
22 64
22 76
23 49
23 56
23 66
23 69
24 31
24 51
24 62
24 77
25 29
25 30
25 69
26 33
26 48
27 33
27 50
28 36
28 40
28 71
28 75
28 77
29 39
29 78
30 74
31 40
31 48
31 58
31 60
32 40
32 41
32 44
32 60
33 45
33 50
33 54
34 40
34 44
34 52
34 59
35 36
35 44
35 47
35 52
35 57
36 41
36 48
36 55
36 68
36 75
37 38
37 57
37 71
38 75
38 77
39 55
39 60
39 72
40 50
40 58
41 45
41 53
41 59
42 47
42 48
42 59
42 78
43 47
43 49
43 54
43 77
44 53
44 58
44 76
45 55
45 56
45 69
46 50
46 68
47 57
48 77
49 50
49 59
49 77
50 63
50 74
52 62
52 72
53 63
55 71
55 78
56 59
56 68
57 61
57 68
57 69
58 71
58 78
59 62
59 66
60 67
60 76
60 78
60 79
61 68
62 69
63 74
64 78
64 79
66 69
67 77
68 74
71 74
71 75
71 79
80 61
80 81
80 82
80 83
81 72
81 82
81 83
82 52
82 83
83 34
