104 401
0 1
0 2
0 3
0 4
0 5
0 6
0 7
0 8
0 9
0 10
0 11
0 12
0 13
0 14
0 15
0 16
0 17
0 18
0 19
0 20
0 21
0 22
0 23
0 24
0 25
0 26
0 27
0 28
0 29
0 30
0 31
0 32
0 33
0 34
0 35
0 36
0 37
0 38
0 39
0 40
0 41
0 42
0 43
0 44
0 45
0 46
0 47
0 48
0 49
0 50
0 51
0 52
0 53
0 54
0 55
0 56
0 57
0 58
0 59
0 60
0 61
0 62
0 63
0 64
0 65
0 66
0 67
0 68
0 69
0 70
0 71
0 72
0 73
0 74
0 75
0 76
0 77
0 78
0 79
0 80
0 81
0 82
0 83
0 84
0 85
0 86
0 87
0 88
0 89
0 90
0 91
0 92
0 93
0 94
0 95
0 96
0 97
0 98
0 99
1 26
1 28
1 64
1 65
1 66
2 3
2 5
2 14
2 37
2 43
2 46
2 83
3 11
3 45
3 54
3 63
3 70
3 72
3 82
3 88
4 20
4 47
4 54
4 73
5 10
5 33
5 36
5 78
5 94
6 19
6 28
6 34
6 77
6 83
6 86
6 93
7 9
7 11
7 20
7 28
7 35
7 36
7 39
7 41
8 17
8 25
8 35
8 39
8 56
8 68
8 71
8 73
8 94
9 48
9 68
9 78
9 98
10 27
10 28
10 62
10 70
10 73
10 76
11 32
11 33
11 48
11 73
11 85
12 27
12 32
12 37
12 50
12 58
12 80
12 91
12 92
13 34
13 62
13 94
14 28
14 42
14 92
14 94
15 16
15 32
15 35
15 44
15 49
15 62
15 98
16 35
16 82
16 87
17 61
17 82
18 34
18 39
18 41
18 91
18 93
19 24
19 53
19 61
19 66
19 69
19 96
20 27
20 38
20 40
20 56
21 25
21 64
21 74
22 27
22 32
22 35
22 51
22 69
22 75
22 84
23 67
23 83
24 83
24 93
25 38
25 64
25 78
25 87
26 49
26 69
26 99
27 34
28 38
28 57
28 68
28 97
29 63
29 65
29 69
29 75
29 81
29 86
29 95
30 59
30 81
30 86
31 33
31 40
31 67
31 87
32 38
32 41
33 35
33 75
33 81
33 96
34 41
34 43
34 49
34 64
34 96
35 63
36 56
36 96
38 47
38 48
38 53
38 69
38 79
39 42
39 55
39 58
39 80
40 44
40 68
40 98
40 99
41 58
41 75
41 88
43 60
43 67
43 68
43 82
43 95
44 68
44 99
45 85
45 96
45 97
46 48
46 54
46 59
46 99
47 52
47 58
47 63
47 67
47 84
47 95
48 51
48 53
48 59
48 96
48 99
49 55
50 60
50 61
50 65
50 68
51 71
51 97
52 61
52 70
52 79
52 89
53 58
53 82
53 86
53 94
53 98
54 76
54 94
54 97
55 58
55 91
55 92
56 85
56 89
57 90
58 60
58 63
58 86
58 87
58 88
58 89
58 95
59 63
59 66
60 79
60 91
60 94
61 62
61 69
62 64
62 93
64 66
64 70
64 73
64 87
64 89
64 94
65 85
65 98
66 77
67 73
67 74
67 86
67 87
67 90
67 98
68 72
68 99
69 81
69 96
70 72
70 73
71 77
71 91
71 93
72 84
72 89
72 94
73 74
74 88
74 97
74 98
75 85
76 81
76 88
76 95
76 99
77 96
79 87
79 89
80 92
83 89
87 96
87 98
88 91
88 93
94 97
100 87
100 101
100 102
100 103
101 79
101 102
101 103
102 33
102 103
103 84
