154 602
0 1
0 2
0 3
0 4
0 5
0 6
0 7
0 8
0 9
0 10
0 11
0 12
0 13
0 14
0 15
0 16
0 17
0 18
0 19
0 20
0 21
0 22
0 23
0 24
0 25
0 26
0 27
0 28
0 29
0 30
0 31
0 32
0 33
0 34
0 35
0 36
0 37
0 38
0 39
0 40
0 41
0 42
0 43
0 44
0 45
0 46
0 47
0 48
0 49
0 50
0 51
0 52
0 53
0 54
0 55
0 56
0 57
0 58
0 59
0 60
0 61
0 62
0 63
0 64
0 65
0 66
0 67
0 68
0 69
0 70
0 71
0 72
0 73
0 74
0 75
0 76
0 77
0 78
0 79
0 80
0 81
0 82
0 83
0 84
0 85
0 86
0 87
0 88
0 89
0 90
0 91
0 92
0 93
0 94
0 95
0 96
0 97
0 98
0 99
0 100
0 101
0 102
0 103
0 104
0 105
0 106
0 107
0 108
0 109
0 110
0 111
0 112
0 113
0 114
0 115
0 116
0 117
0 118
0 119
0 120
0 121
0 122
0 123
0 124
0 125
0 126
0 127
0 128
0 129
0 130
0 131
0 132
0 133
0 134
0 135
0 136
0 137
0 138
0 139
0 140
0 141
0 142
0 143
0 144
0 145
0 146
0 147
0 148
0 149
1 2
1 7
1 40
1 52
1 60
1 72
1 112
1 127
1 142
2 7
2 72
2 106
2 139
3 5
3 11
3 20
3 46
3 66
3 121
3 143
3 147
4 17
4 32
4 35
4 62
4 103
4 130
5 12
5 56
5 69
5 82
5 86
5 100
5 101
5 108
5 124
6 37
6 79
6 85
6 104
6 130
6 145
7 33
7 34
7 126
7 130
7 137
8 29
8 50
10 21
10 32
10 53
11 17
11 71
11 76
11 120
11 134
11 142
12 18
12 41
12 45
13 16
13 30
13 56
13 66
13 79
13 138
13 141
14 80
14 82
14 88
14 100
14 103
14 132
14 146
15 18
15 83
15 116
15 130
15 138
16 37
16 90
16 93
16 109
16 119
16 123
16 124
16 130
17 48
17 60
17 65
18 55
18 87
18 92
18 101
18 102
18 108
18 117
18 121
18 133
19 35
19 38
19 45
19 78
19 103
20 61
20 94
20 96
20 136
21 54
21 76
21 112
21 118
21 122
21 145
22 36
22 120
23 63
23 92
23 119
24 96
24 100
24 121
25 50
25 94
26 51
26 79
26 105
26 113
26 116
26 136
27 65
27 113
28 68
28 92
28 113
28 135
29 43
29 80
29 85
29 94
29 129
29 134
30 45
30 50
30 79
30 93
30 147
30 148
31 39
31 90
31 104
32 57
32 58
32 60
32 84
32 93
32 94
32 105
32 119
33 58
33 103
33 104
34 86
34 136
35 48
35 54
35 78
35 92
35 112
35 137
35 142
36 46
36 62
36 65
36 97
36 127
37 121
37 128
37 131
38 61
38 81
38 86
38 118
38 130
38 149
39 44
39 52
39 93
39 128
39 143
40 53
40 57
40 86
40 101
40 141
40 146
41 47
41 81
41 88
41 99
41 135
41 148
42 49
42 127
43 45
43 75
43 86
43 116
43 121
44 57
44 71
44 92
44 118
44 128
45 47
45 54
45 83
45 113
45 124
46 51
46 108
46 131
46 136
46 140
47 85
47 86
47 89
47 94
47 97
47 114
48 91
48 99
48 101
48 104
48 113
49 99
49 107
49 119
49 144
50 58
50 104
50 138
50 143
50 148
51 52
51 71
51 75
51 91
51 102
51 125
52 62
52 111
53 62
53 70
53 72
53 105
53 128
53 138
53 148
54 64
54 72
54 99
55 106
55 125
56 71
57 65
57 72
57 83
57 108
57 109
57 129
58 73
58 96
58 106
58 144
59 125
60 118
60 119
60 136
61 122
61 135
62 74
62 98
62 103
62 113
62 117
62 133
63 75
63 88
63 104
63 121
64 76
64 79
64 91
64 118
64 119
65 111
65 134
66 75
66 80
67 70
67 74
67 119
67 123
68 74
68 136
69 99
69 112
69 114
69 122
69 144
71 76
71 85
71 144
72 94
72 114
72 122
72 126
72 148
73 77
73 89
73 113
74 87
74 118
74 144
74 148
75 115
75 133
75 148
77 79
77 113
77 120
77 144
78 86
78 95
78 101
79 83
79 102
79 103
79 124
79 139
79 143
80 105
81 112
82 100
83 114
83 115
83 118
83 141
84 92
84 106
84 111
84 147
85 98
85 113
85 135
86 91
86 138
86 148
87 89
88 101
89 96
89 105
91 133
92 93
92 98
92 107
92 138
93 108
93 125
94 146
95 115
96 97
96 143
97 103
97 116
98 117
98 119
99 134
100 107
100 109
100 116
100 123
100 142
101 103
101 107
102 106
102 126
102 128
102 143
103 110
103 120
104 125
105 145
105 146
106 144
107 109
107 110
107 147
108 111
108 121
108 122
108 143
109 138
110 127
110 130
111 112
111 135
112 138
113 118
113 142
114 138
114 146
115 145
116 149
117 121
118 132
118 133
118 138
119 135
119 138
119 142
119 143
121 138
121 148
122 137
123 129
123 136
125 134
125 139
125 148
126 147
128 133
128 136
129 136
129 146
133 142
134 136
135 143
141 143
141 146
141 148
150 141
150 151
150 152
150 153
151 110
151 152
151 153
152 116
152 153
153 130
