204 797
0 1
0 2
0 3
0 4
0 5
0 6
0 7
0 8
0 9
0 10
0 11
0 12
0 13
0 14
0 15
0 16
0 17
0 18
0 19
0 20
0 21
0 22
0 23
0 24
0 25
0 26
0 27
0 28
0 29
0 30
0 31
0 32
0 33
0 34
0 35
0 36
0 37
0 38
0 39
0 40
0 41
0 42
0 43
0 44
0 45
0 46
0 47
0 48
0 49
0 50
0 51
0 52
0 53
0 54
0 55
0 56
0 57
0 58
0 59
0 60
0 61
0 62
0 63
0 64
0 65
0 66
0 67
0 68
0 69
0 70
0 71
0 72
0 73
0 74
0 75
0 76
0 77
0 78
0 79
0 80
0 81
0 82
0 83
0 84
0 85
0 86
0 87
0 88
0 89
0 90
0 91
0 92
0 93
0 94
0 95
0 96
0 97
0 98
0 99
0 100
0 101
0 102
0 103
0 104
0 105
0 106
0 107
0 108
0 109
0 110
0 111
0 112
0 113
0 114
0 115
0 116
0 117
0 118
0 119
0 120
0 121
0 122
0 123
0 124
0 125
0 126
0 127
0 128
0 129
0 130
0 131
0 132
0 133
0 134
0 135
0 136
0 137
0 138
0 139
0 140
0 141
0 142
0 143
0 144
0 145
0 146
0 147
0 148
0 149
0 150
0 151
0 152
0 153
0 154
0 155
0 156
0 157
0 158
0 159
0 160
0 161
0 162
0 163
0 164
0 165
0 166
0 167
0 168
0 169
0 170
0 171
0 172
0 173
0 174
0 175
0 176
0 177
0 178
0 179
0 180
0 181
0 182
0 183
0 184
0 185
0 186
0 187
0 188
0 189
0 190
0 191
0 192
0 193
0 194
0 195
0 196
0 197
0 198
0 199
1 14
1 51
1 89
1 189
2 14
2 38
2 91
3 4
3 9
3 67
3 84
3 180
3 182
3 188
4 15
4 28
4 48
4 121
4 133
4 145
4 151
4 153
5 37
5 87
5 104
5 169
5 190
5 192
6 187
7 46
7 71
7 77
7 160
7 163
7 191
8 10
8 30
8 66
8 95
8 104
8 184
8 188
9 15
9 23
9 26
9 45
9 55
9 66
10 12
10 101
10 114
10 152
10 162
10 198
11 90
11 144
11 155
11 171
11 191
12 70
12 96
12 123
12 128
12 147
13 17
13 49
13 76
13 102
13 107
13 118
13 135
13 160
13 163
13 180
14 74
14 176
15 46
15 68
15 104
15 108
15 152
15 181
16 19
16 56
16 66
16 159
16 165
16 168
16 173
16 197
17 48
17 79
17 109
17 111
17 118
18 26
18 38
18 53
18 69
18 74
18 100
18 159
19 66
19 80
19 81
19 157
19 173
20 66
20 88
20 102
20 108
20 168
20 184
20 192
21 126
21 161
21 174
21 192
22 52
22 68
22 139
22 183
23 28
23 45
23 54
23 118
23 141
23 170
23 180
23 198
24 55
24 74
24 88
24 133
25 54
26 65
26 72
26 97
26 179
27 55
27 65
27 67
27 101
27 135
27 152
27 188
27 192
28 36
28 50
28 96
28 148
28 152
28 155
28 186
29 55
29 95
29 105
29 110
29 111
29 143
29 149
29 161
30 168
31 44
31 73
31 96
31 106
31 135
31 146
32 93
32 96
32 148
33 55
33 73
33 108
33 128
33 134
33 153
33 194
34 104
34 118
34 144
34 151
34 173
35 79
35 105
35 108
35 110
35 119
35 128
35 135
35 140
35 176
36 53
36 54
36 108
36 142
36 154
37 43
37 170
38 40
38 45
38 75
38 147
39 56
39 69
39 82
39 84
39 100
39 110
40 108
41 44
41 54
41 58
41 65
41 113
41 119
41 132
41 190
42 51
42 76
42 92
42 96
42 197
42 198
43 58
43 68
43 74
43 77
43 85
43 107
43 133
43 175
43 183
43 197
44 55
44 63
44 67
44 74
44 110
44 112
44 142
44 169
44 175
45 120
45 129
46 64
46 69
46 122
46 126
46 145
47 120
47 186
48 90
48 92
48 95
48 109
48 113
48 198
49 54
49 64
49 111
49 154
49 199
50 97
50 106
50 115
50 139
50 152
50 192
51 93
51 133
51 177
52 90
52 98
52 125
52 157
52 163
53 117
53 143
53 145
54 61
54 82
54 100
54 104
54 137
54 166
54 191
55 66
55 79
55 152
55 160
56 58
56 80
56 82
57 68
57 178
57 183
58 94
58 125
58 141
58 175
58 177
58 181
58 199
59 87
59 91
59 93
59 114
59 141
59 144
59 174
60 185
60 193
61 133
61 164
61 168
62 82
62 83
62 159
62 160
62 190
63 103
63 132
63 142
63 148
63 173
63 183
63 198
65 83
65 139
65 177
66 135
66 137
66 149
67 75
67 107
67 131
67 174
67 194
68 173
69 83
69 101
69 165
69 184
70 79
70 80
70 83
70 92
70 108
70 168
71 125
71 144
71 177
72 76
72 100
72 108
72 109
72 133
72 156
72 184
72 196
73 127
73 130
73 157
73 158
73 169
73 197
74 76
74 157
75 105
75 165
75 171
75 183
76 102
76 118
76 183
77 193
78 121
78 178
78 180
78 196
79 115
79 138
79 168
80 96
80 108
81 98
81 152
81 171
81 190
82 87
82 97
82 124
82 178
83 138
83 148
83 157
83 165
83 191
83 193
84 173
85 94
85 167
85 168
86 97
86 128
86 136
87 98
87 113
87 189
87 192
88 89
88 102
88 122
88 128
88 145
88 151
88 157
88 182
89 90
89 175
90 129
90 162
90 188
91 100
91 123
94 101
94 179
94 192
95 113
95 147
95 148
95 171
95 173
96 105
96 154
97 100
97 188
98 119
98 148
98 159
98 193
99 101
99 110
99 157
100 103
101 111
102 108
102 127
102 165
103 106
103 187
104 153
106 107
106 108
106 140
106 155
107 150
108 189
110 138
110 150
110 154
110 197
112 120
112 127
112 144
112 190
113 156
113 173
114 124
114 127
114 159
114 166
114 196
116 123
116 131
116 148
116 177
117 122
117 126
117 158
117 178
117 179
117 195
118 156
119 141
121 140
121 170
121 172
121 188
122 123
122 138
122 160
123 170
123 198
124 165
124 176
125 134
125 181
125 190
126 158
127 171
128 182
129 149
129 154
129 159
129 163
131 165
131 186
132 134
132 150
132 176
133 139
133 150
134 137
134 189
135 150
135 151
135 165
135 167
135 178
136 139
136 174
138 170
138 194
139 150
139 180
141 147
141 181
142 170
142 196
143 169
143 195
144 170
145 153
145 154
145 160
146 189
146 194
146 199
147 189
147 197
150 168
151 161
151 166
151 178
153 167
153 183
154 157
154 172
154 185
154 194
155 189
156 168
156 176
156 192
157 191
158 180
158 186
159 167
159 168
160 170
161 175
163 164
163 196
165 196
165 198
167 195
171 199
173 180
173 199
174 182
174 195
179 183
179 197
179 198
181 190
183 188
183 194
184 185
185 191
185 198
186 199
188 189
190 194
192 194
195 197
200 187
200 201
200 202
200 203
201 12
201 202
201 203
202 53
202 203
203 152
