304 1197
0 1
0 2
0 3
0 4
0 5
0 6
0 7
0 8
0 9
0 10
0 11
0 12
0 13
0 14
0 15
0 16
0 17
0 18
0 19
0 20
0 21
0 22
0 23
0 24
0 25
0 26
0 27
0 28
0 29
0 30
0 31
0 32
0 33
0 34
0 35
0 36
0 37
0 38
0 39
0 40
0 41
0 42
0 43
0 44
0 45
0 46
0 47
0 48
0 49
0 50
0 51
0 52
0 53
0 54
0 55
0 56
0 57
0 58
0 59
0 60
0 61
0 62
0 63
0 64
0 65
0 66
0 67
0 68
0 69
0 70
0 71
0 72
0 73
0 74
0 75
0 76
0 77
0 78
0 79
0 80
0 81
0 82
0 83
0 84
0 85
0 86
0 87
0 88
0 89
0 90
0 91
0 92
0 93
0 94
0 95
0 96
0 97
0 98
0 99
0 100
0 101
0 102
0 103
0 104
0 105
0 106
0 107
0 108
0 109
0 110
0 111
0 112
0 113
0 114
0 115
0 116
0 117
0 118
0 119
0 120
0 121
0 122
0 123
0 124
0 125
0 126
0 127
0 128
0 129
0 130
0 131
0 132
0 133
0 134
0 135
0 136
0 137
0 138
0 139
0 140
0 141
0 142
0 143
0 144
0 145
0 146
0 147
0 148
0 149
0 150
0 151
0 152
0 153
0 154
0 155
0 156
0 157
0 158
0 159
0 160
0 161
0 162
0 163
0 164
0 165
0 166
0 167
0 168
0 169
0 170
0 171
0 172
0 173
0 174
0 175
0 176
0 177
0 178
0 179
0 180
0 181
0 182
0 183
0 184
0 185
0 186
0 187
0 188
0 189
0 190
0 191
0 192
0 193
0 194
0 195
0 196
0 197
0 198
0 199
0 200
0 201
0 202
0 203
0 204
0 205
0 206
0 207
0 208
0 209
0 210
0 211
0 212
0 213
0 214
0 215
0 216
0 217
0 218
0 219
0 220
0 221
0 222
0 223
0 224
0 225
0 226
0 227
0 228
0 229
0 230
0 231
0 232
0 233
0 234
0 235
0 236
0 237
0 238
0 239
0 240
0 241
0 242
0 243
0 244
0 245
0 246
0 247
0 248
0 249
0 250
0 251
0 252
0 253
0 254
0 255
0 256
0 257
0 258
0 259
0 260
0 261
0 262
0 263
0 264
0 265
0 266
0 267
0 268
0 269
0 270
0 271
0 272
0 273
0 274
0 275
0 276
0 277
0 278
0 279
0 280
0 281
0 282
0 283
0 284
0 285
0 286
0 287
0 288
0 289
0 290
0 291
0 292
0 293
0 294
0 295
0 296
0 297
0 298
0 299
1 50
1 127
1 149
1 169
1 173
1 235
1 290
2 168
2 245
2 251
2 253
3 42
3 56
3 90
3 110
3 111
3 122
3 132
3 161
3 229
3 251
3 271
3 294
4 121
4 177
4 182
4 188
5 203
5 283
6 161
6 163
6 189
6 195
6 256
6 265
7 35
7 69
7 129
7 156
7 162
7 224
7 294
8 14
8 62
8 124
8 182
9 39
9 109
9 112
9 130
9 133
9 171
9 177
9 213
9 230
9 285
10 65
10 113
10 208
10 275
11 31
11 91
11 94
11 110
11 183
11 202
11 240
11 255
11 259
11 266
11 297
12 35
12 50
12 112
12 148
12 177
12 186
12 226
12 229
13 14
13 33
13 246
13 251
13 280
14 226
15 130
15 142
15 233
16 65
16 203
17 69
17 151
17 160
17 193
17 238
17 282
18 34
18 164
18 227
18 295
19 77
19 101
19 262
20 143
20 158
20 288
21 33
21 72
21 83
21 162
21 189
21 205
21 217
22 122
22 161
22 226
23 165
24 75
24 122
24 133
24 154
24 158
24 255
24 261
24 264
25 97
25 114
25 164
25 186
25 211
25 258
26 60
26 72
26 85
26 124
26 128
26 131
26 148
27 59
27 63
27 73
27 127
28 143
28 241
28 299
29 33
29 37
29 131
29 162
29 163
29 212
30 33
30 209
30 254
31 36
31 98
31 169
31 174
31 296
32 54
32 151
32 160
32 191
33 75
33 98
33 157
33 208
33 221
34 62
34 156
34 169
34 204
34 220
34 277
35 140
35 192
36 141
36 175
36 184
36 255
36 288
37 48
37 54
37 94
37 161
37 174
37 230
38 164
39 96
39 165
39 198
39 236
39 240
39 281
39 285
40 86
40 144
40 188
41 46
41 111
41 266
42 51
42 130
42 192
42 238
42 281
42 290
43 138
43 175
43 249
43 254
43 257
43 265
44 133
44 214
46 59
46 71
46 72
46 239
46 265
46 269
47 107
47 169
47 183
47 213
47 261
48 85
48 110
48 120
48 128
48 171
48 201
49 90
49 114
49 154
49 211
49 276
50 93
50 131
50 136
50 146
50 214
50 237
50 252
51 76
51 107
51 116
51 205
51 263
51 270
51 271
52 53
52 59
52 61
52 148
52 187
53 66
53 81
53 89
53 119
53 251
53 265
54 68
54 100
54 137
54 215
54 223
54 232
54 241
55 59
55 194
55 203
55 208
55 212
55 225
55 234
55 284
56 148
56 165
57 124
57 140
57 247
57 258
57 293
58 60
58 68
58 181
58 207
58 281
58 283
59 88
59 167
59 197
60 83
60 134
60 182
60 236
60 250
60 252
61 129
61 131
61 198
62 91
62 163
62 194
62 209
62 254
63 132
63 234
63 255
64 157
64 234
65 232
65 234
65 293
65 294
66 70
66 146
66 259
66 268
66 296
67 128
67 145
67 196
67 210
68 115
68 121
68 127
68 158
68 246
68 282
69 74
69 140
69 188
69 193
69 221
70 194
70 270
71 77
71 130
71 187
71 221
71 253
72 73
72 125
72 153
72 175
72 177
72 245
73 110
73 116
73 134
73 174
73 186
73 187
73 217
74 75
74 160
74 185
75 76
75 117
75 184
75 187
75 236
75 270
75 294
76 120
76 123
76 247
77 124
77 239
77 253
77 263
78 157
78 177
78 189
78 217
78 238
79 89
79 97
79 198
79 244
79 259
79 291
80 114
80 127
80 194
80 265
81 90
81 98
81 143
81 221
81 233
81 240
81 249
81 264
83 115
83 150
83 159
83 211
83 217
83 224
83 257
83 265
84 187
84 223
84 246
84 281
85 96
85 151
85 194
86 106
86 173
86 179
86 222
86 224
86 250
87 107
87 124
87 178
87 207
87 208
87 219
87 225
87 254
87 285
87 288
88 152
88 155
88 181
88 185
88 245
89 206
89 231
89 243
90 95
90 129
90 236
90 266
91 93
91 153
91 170
91 236
91 246
91 255
92 93
92 120
92 164
92 205
93 250
93 275
93 297
94 160
94 183
94 297
95 176
95 274
96 138
96 186
97 161
97 232
97 284
97 286
98 107
98 162
98 175
98 176
98 180
99 106
99 133
99 141
99 211
100 121
100 132
100 183
100 247
100 248
100 288
101 143
101 232
101 238
101 265
102 111
102 131
102 167
102 249
102 276
103 139
103 198
103 244
103 258
104 136
104 149
104 197
104 199
104 262
104 280
105 129
105 289
105 292
106 229
106 275
106 278
107 211
107 245
107 282
108 172
108 288
108 293
109 122
109 152
109 196
109 266
110 136
110 175
110 198
110 291
111 201
111 237
111 271
112 144
112 174
113 144
113 207
113 250
114 160
114 182
114 232
114 252
115 127
115 175
115 180
115 181
115 188
115 214
116 153
116 162
116 184
116 232
117 207
117 208
117 223
118 211
118 237
118 240
118 251
119 133
119 165
119 166
119 195
119 218
119 232
119 288
120 137
120 168
120 254
120 265
120 277
122 246
122 254
122 293
123 128
123 261
123 278
124 198
124 286
125 135
125 175
125 180
125 231
125 232
125 278
125 279
126 148
126 204
126 213
126 296
127 143
127 156
127 184
127 191
127 195
127 197
127 214
127 241
127 247
127 284
127 287
128 181
128 233
129 150
129 154
129 204
130 143
130 160
130 202
130 255
131 151
131 168
131 218
131 232
132 142
132 200
132 241
133 167
133 180
133 207
133 262
134 196
134 230
134 249
135 171
135 205
135 255
135 287
136 243
136 269
137 154
137 162
137 164
137 247
137 248
137 265
138 167
138 174
138 245
138 266
139 249
139 257
139 266
140 172
140 184
140 229
140 231
140 235
140 298
141 145
141 151
141 173
141 185
141 201
142 145
142 160
142 292
142 293
143 191
143 201
143 253
143 274
143 281
144 191
144 229
145 240
145 247
145 271
146 273
147 276
147 281
148 253
149 172
149 194
149 231
149 254
149 288
150 207
150 224
150 244
150 265
151 188
151 202
151 260
152 183
152 246
152 249
153 207
155 177
155 282
156 189
156 208
156 211
156 234
156 289
157 188
157 215
157 221
157 243
158 191
158 228
160 193
160 285
161 283
162 226
162 239
162 257
162 264
162 285
163 176
163 189
163 191
163 242
164 248
164 256
165 212
165 223
165 295
167 194
167 294
168 180
168 216
168 224
168 255
169 179
169 184
169 195
170 213
170 238
170 285
171 221
171 262
172 256
172 269
172 274
173 236
173 247
173 274
173 278
174 193
174 215
174 282
176 198
176 212
176 218
176 246
176 253
177 186
177 189
177 193
177 233
177 235
178 280
179 184
179 200
179 238
179 241
180 198
180 281
180 285
181 229
181 256
181 266
181 293
185 221
186 191
186 232
187 222
187 243
187 275
188 197
188 214
188 247
188 295
189 209
189 219
189 231
189 263
189 265
189 297
190 230
190 269
190 286
191 263
192 195
193 269
194 196
194 239
194 265
194 266
196 225
196 230
196 234
196 243
197 214
197 265
197 293
198 220
198 284
198 293
199 263
199 274
200 291
200 297
201 244
201 270
201 274
201 277
201 283
201 297
202 211
202 214
202 294
203 250
203 292
204 257
204 270
204 277
204 278
205 241
205 265
205 296
206 246
207 222
209 241
209 276
210 251
211 228
211 263
212 255
212 271
212 274
213 241
213 257
213 287
214 282
216 239
217 254
217 276
217 289
218 282
220 268
221 242
221 267
222 226
222 264
224 232
224 284
225 228
225 230
225 231
225 241
225 261
226 244
226 260
226 276
228 232
228 268
228 273
229 283
229 291
230 281
233 275
235 238
235 261
236 257
236 259
236 291
239 272
240 299
241 243
241 295
242 280
244 255
246 258
246 271
246 293
247 268
247 280
248 272
249 263
250 259
250 272
250 281
251 258
252 284
252 288
254 281
255 273
255 296
258 289
258 291
263 281
265 283
266 269
267 272
267 286
273 292
286 289
287 291
287 295
300 167
300 301
300 302
300 303
301 79
301 302
301 303
302 81
302 303
303 104
