34 114
0 1
0 2
0 3
0 4
0 5
0 6
0 7
0 8
0 9
0 10
0 11
0 12
0 13
0 14
0 15
0 16
0 17
0 18
0 19
0 20
0 21
0 22
0 23
0 24
0 25
0 26
0 27
0 28
0 29
1 6
1 20
1 22
1 27
2 4
2 22
2 26
2 29
3 5
3 9
3 10
4 7
4 12
4 19
4 28
5 13
5 22
5 24
6 7
6 8
6 17
6 22
6 24
7 10
7 13
7 18
7 25
8 9
8 18
8 23
8 28
9 14
9 17
9 19
9 27
9 29
10 19
10 28
11 16
11 17
11 20
11 21
13 17
13 22
13 25
13 29
14 15
14 17
14 22
14 23
15 20
15 24
16 17
16 18
16 19
16 23
17 21
17 24
17 27
18 19
18 29
19 22
20 21
20 22
20 24
20 26
21 24
21 26
21 29
22 29
23 25
23 28
24 29
25 28
25 29
30 10
30 31
30 32
30 33
31 12
31 32
31 33
32 9
32 33
33 11
