94 352
0 1
0 2
0 3
0 4
0 5
0 6
0 7
0 8
0 9
0 10
0 11
0 12
0 13
0 14
0 15
0 16
0 17
0 18
0 19
0 20
0 21
0 22
0 23
0 24
0 25
0 26
0 27
0 28
0 29
0 30
0 31
0 32
0 33
0 34
0 35
0 36
0 37
0 38
0 39
0 40
0 41
0 42
0 43
0 44
0 45
0 46
0 47
0 48
0 49
0 50
0 51
0 52
0 53
0 54
0 55
0 56
0 57
0 58
0 59
0 60
0 61
0 62
0 63
0 64
0 65
0 66
0 67
0 68
0 69
0 70
0 71
0 72
0 73
0 74
0 75
0 76
0 77
0 78
0 79
0 80
0 81
0 82
0 83
0 84
0 85
0 86
0 87
0 88
0 89
1 8
1 31
1 52
1 60
1 68
1 75
1 88
2 21
2 24
2 65
2 81
3 14
3 17
3 38
3 46
3 60
3 85
4 28
4 73
5 16
5 27
5 67
6 12
6 30
7 39
7 70
8 10
8 18
8 57
8 59
8 67
8 87
9 31
9 44
9 61
9 82
9 84
10 21
10 41
10 61
10 62
10 77
11 24
11 35
11 48
11 71
11 75
11 84
12 37
12 38
12 47
12 73
13 14
13 57
13 78
13 85
14 23
14 29
14 34
14 37
14 40
14 43
14 53
14 59
14 65
14 72
15 31
15 39
15 64
15 68
15 74
16 22
16 27
16 37
16 43
16 59
16 64
16 66
16 67
17 23
17 38
17 50
17 59
17 68
17 71
17 85
17 89
18 22
18 29
18 54
18 56
18 69
18 88
19 60
19 89
20 45
20 57
20 59
20 60
20 62
20 63
21 37
21 55
21 59
21 64
21 69
21 74
21 77
21 89
22 37
22 49
22 59
22 79
22 80
22 82
22 83
24 40
24 59
24 89
25 28
25 87
26 35
26 40
26 50
26 66
26 69
27 58
27 65
27 73
27 77
27 88
28 49
28 58
28 68
29 36
29 56
29 60
29 64
29 89
30 35
30 37
30 44
30 57
30 63
31 32
31 48
31 60
31 72
31 82
31 84
31 87
32 47
32 59
32 74
33 56
33 65
33 75
33 82
34 35
34 58
34 84
35 47
35 50
35 66
35 80
36 44
36 55
36 69
37 65
37 83
37 88
38 43
38 44
38 56
38 61
38 69
38 71
39 43
39 45
39 66
39 80
39 82
39 84
40 42
40 61
40 62
41 76
42 61
42 72
42 73
42 82
43 49
43 54
43 64
43 66
43 71
43 87
43 89
45 50
45 52
45 85
46 67
46 87
47 83
48 57
49 67
49 83
50 57
50 60
51 66
52 53
52 54
52 58
52 63
52 75
52 77
53 81
54 62
54 65
54 87
55 83
56 88
56 89
57 67
57 84
58 63
58 65
58 83
58 86
59 74
59 84
60 66
61 83
62 85
63 67
63 73
64 76
64 78
64 81
66 72
67 74
67 84
68 78
68 83
70 76
70 80
72 84
75 77
77 87
78 83
79 80
84 87
87 88
90 37
90 91
90 92
90 93
91 71
91 92
91 93
92 36
92 93
93 61
