34 120
0 1
0 2
0 3
0 4
0 5
0 6
0 7
0 8
0 9
0 10
0 11
0 12
0 13
0 14
0 15
0 16
0 17
0 18
0 19
0 20
0 21
0 22
0 23
0 24
0 25
0 26
0 27
0 28
0 29
1 8
1 12
1 21
1 22
1 24
1 29
2 8
2 17
2 19
2 22
3 6
3 7
3 12
3 18
3 19
3 27
4 9
4 19
4 23
4 26
4 28
5 9
5 19
5 20
5 24
6 8
6 14
6 17
6 20
6 22
7 13
7 16
7 22
7 24
8 9
8 10
8 18
8 23
8 28
8 29
10 15
10 17
10 18
10 23
10 27
11 12
11 17
12 20
12 23
12 26
12 29
13 15
13 20
13 22
13 25
14 18
14 20
14 23
14 27
14 28
15 19
15 24
15 26
15 27
16 18
16 19
16 28
17 20
17 26
18 25
19 26
20 21
20 22
20 24
20 26
22 23
22 29
23 29
24 25
26 29
28 29
30 13
30 31
30 32
30 33
31 4
31 32
31 33
32 3
32 33
33 29
