34 118
0 1
0 2
0 3
0 4
0 5
0 6
0 7
0 8
0 9
0 10
0 11
0 12
0 13
0 14
0 15
0 16
0 17
0 18
0 19
0 20
0 21
0 22
0 23
0 24
0 25
0 26
0 27
0 28
0 29
1 27
2 9
2 13
2 14
2 15
2 18
2 19
2 26
3 5
3 8
3 14
3 15
3 26
3 28
4 12
4 16
4 17
4 21
4 23
5 9
5 18
5 19
5 28
6 8
6 11
6 14
6 15
6 22
7 8
7 23
7 26
8 12
8 24
8 28
9 17
9 19
9 21
9 25
9 29
10 16
10 22
10 26
10 27
11 14
11 16
11 21
12 16
12 18
12 28
12 29
13 15
13 16
13 20
13 24
13 28
14 17
14 27
15 17
15 18
15 24
15 26
15 28
16 21
16 22
16 25
16 26
16 28
17 23
17 25
17 27
17 28
19 28
20 23
21 29
22 25
22 29
23 26
23 29
26 29
30 1
30 31
30 32
30 33
31 22
31 32
31 33
32 4
32 33
33 18
