34 115
0 1
0 2
0 3
0 4
0 5
0 6
0 7
0 8
0 9
0 10
0 11
0 12
0 13
0 14
0 15
0 16
0 17
0 18
0 19
0 20
0 21
0 22
0 23
0 24
0 25
0 26
0 27
0 28
0 29
1 6
1 13
1 14
1 26
2 4
2 6
2 24
3 10
3 12
3 15
3 17
3 20
3 21
3 29
4 8
4 12
4 14
4 15
4 29
5 6
5 8
5 13
6 8
6 29
7 10
7 15
7 22
8 15
8 22
8 25
8 28
9 19
9 20
9 21
9 27
10 12
10 16
10 26
10 28
11 14
11 20
11 28
12 25
12 26
13 15
13 27
13 28
14 19
14 22
14 26
15 18
15 22
15 28
16 20
16 22
17 21
17 28
17 29
18 21
18 26
18 28
19 21
19 25
19 26
20 24
20 26
20 28
21 23
22 26
23 24
23 28
24 27
24 28
24 29
26 28
27 29
30 20
30 31
30 32
30 33
31 5
31 32
31 33
32 3
32 33
33 17
