124 477
0 1
0 2
0 3
0 4
0 5
0 6
0 7
0 8
0 9
0 10
0 11
0 12
0 13
0 14
0 15
0 16
0 17
0 18
0 19
0 20
0 21
0 22
0 23
0 24
0 25
0 26
0 27
0 28
0 29
0 30
0 31
0 32
0 33
0 34
0 35
0 36
0 37
0 38
0 39
0 40
0 41
0 42
0 43
0 44
0 45
0 46
0 47
0 48
0 49
0 50
0 51
0 52
0 53
0 54
0 55
0 56
0 57
0 58
0 59
0 60
0 61
0 62
0 63
0 64
0 65
0 66
0 67
0 68
0 69
0 70
0 71
0 72
0 73
0 74
0 75
0 76
0 77
0 78
0 79
0 80
0 81
0 82
0 83
0 84
0 85
0 86
0 87
0 88
0 89
0 90
0 91
0 92
0 93
0 94
0 95
0 96
0 97
0 98
0 99
0 100
0 101
0 102
0 103
0 104
0 105
0 106
0 107
0 108
0 109
0 110
0 111
0 112
0 113
0 114
0 115
0 116
0 117
0 118
0 119
1 7
1 53
1 70
1 71
1 98
1 100
1 115
2 32
2 48
2 82
2 102
3 7
3 8
3 20
3 49
3 56
3 62
3 67
3 83
4 15
4 23
4 63
4 107
4 110
5 21
5 26
5 35
5 47
5 50
5 55
5 58
5 82
5 106
5 111
5 117
6 25
6 28
6 106
6 107
7 12
7 18
7 28
7 68
7 112
8 43
8 86
8 112
8 113
9 21
9 28
9 32
9 37
9 50
9 70
9 90
9 103
9 106
10 18
10 23
10 26
10 29
10 51
10 74
10 75
10 82
10 110
10 118
11 16
11 20
11 38
11 73
11 113
11 115
12 40
12 75
12 101
12 116
13 24
13 38
13 78
13 79
14 77
14 80
14 86
15 24
15 50
15 69
15 74
15 83
15 90
15 100
16 34
16 58
17 23
17 27
17 71
18 33
18 41
18 57
18 76
18 117
19 49
19 57
19 64
19 74
19 87
19 94
19 96
19 100
19 102
19 114
20 21
20 64
20 88
20 113
20 117
21 24
21 42
21 51
21 58
21 60
21 75
21 91
21 98
21 108
22 25
22 55
22 59
22 62
22 73
22 86
22 110
22 118
23 30
23 31
23 34
23 36
23 66
23 69
23 79
23 111
24 68
24 103
25 102
26 33
26 47
26 54
26 69
26 100
26 104
27 50
27 57
27 65
27 83
27 99
27 111
27 119
28 52
28 54
28 74
28 86
28 90
29 45
29 51
29 69
29 75
29 99
29 109
29 110
30 40
30 41
30 44
30 63
30 65
30 80
30 116
31 48
31 64
31 82
31 109
31 113
32 52
32 71
32 90
33 34
33 45
33 100
34 45
34 87
34 95
34 103
35 43
35 54
35 89
36 44
36 76
36 91
37 42
37 49
37 65
37 102
37 106
38 70
38 71
38 95
39 87
39 91
40 96
40 107
41 52
41 88
41 94
41 97
41 112
42 85
42 117
43 51
43 71
43 86
43 111
43 115
44 58
44 62
44 72
44 90
44 109
45 59
45 94
45 96
45 105
46 55
46 72
46 104
47 49
47 99
48 76
48 84
49 53
49 79
50 59
50 61
50 66
50 102
50 110
50 114
51 60
51 64
52 56
52 60
52 62
52 84
52 108
52 112
53 67
53 84
54 75
54 82
54 101
54 107
54 110
55 56
56 67
56 100
57 69
57 81
58 75
58 81
58 106
59 85
59 94
59 118
60 61
60 70
60 81
60 109
60 115
61 70
61 87
61 93
61 116
62 64
62 71
62 77
62 86
62 117
63 68
63 78
63 99
63 117
64 65
64 80
64 92
64 93
64 111
65 92
65 93
66 118
67 106
68 102
68 115
69 97
70 96
70 112
70 114
70 116
72 98
72 111
72 118
73 88
74 119
75 80
75 86
75 88
75 117
76 111
77 101
77 108
77 110
78 112
79 83
79 118
80 98
80 102
81 97
81 115
82 108
82 117
83 90
84 97
84 111
86 94
86 95
86 107
87 90
88 114
88 117
90 108
90 112
92 118
93 109
94 114
95 115
96 107
99 116
100 102
101 115
103 107
106 116
120 7
120 121
120 122
120 123
121 27
121 122
121 123
122 66
122 123
123 113
