404 1594
0 1
0 2
0 3
0 4
0 5
0 6
0 7
0 8
0 9
0 10
0 11
0 12
0 13
0 14
0 15
0 16
0 17
0 18
0 19
0 20
0 21
0 22
0 23
0 24
0 25
0 26
0 27
0 28
0 29
0 30
0 31
0 32
0 33
0 34
0 35
0 36
0 37
0 38
0 39
0 40
0 41
0 42
0 43
0 44
0 45
0 46
0 47
0 48
0 49
0 50
0 51
0 52
0 53
0 54
0 55
0 56
0 57
0 58
0 59
0 60
0 61
0 62
0 63
0 64
0 65
0 66
0 67
0 68
0 69
0 70
0 71
0 72
0 73
0 74
0 75
0 76
0 77
0 78
0 79
0 80
0 81
0 82
0 83
0 84
0 85
0 86
0 87
0 88
0 89
0 90
0 91
0 92
0 93
0 94
0 95
0 96
0 97
0 98
0 99
0 100
0 101
0 102
0 103
0 104
0 105
0 106
0 107
0 108
0 109
0 110
0 111
0 112
0 113
0 114
0 115
0 116
0 117
0 118
0 119
0 120
0 121
0 122
0 123
0 124
0 125
0 126
0 127
0 128
0 129
0 130
0 131
0 132
0 133
0 134
0 135
0 136
0 137
0 138
0 139
0 140
0 141
0 142
0 143
0 144
0 145
0 146
0 147
0 148
0 149
0 150
0 151
0 152
0 153
0 154
0 155
0 156
0 157
0 158
0 159
0 160
0 161
0 162
0 163
0 164
0 165
0 166
0 167
0 168
0 169
0 170
0 171
0 172
0 173
0 174
0 175
0 176
0 177
0 178
0 179
0 180
0 181
0 182
0 183
0 184
0 185
0 186
0 187
0 188
0 189
0 190
0 191
0 192
0 193
0 194
0 195
0 196
0 197
0 198
0 199
0 200
0 201
0 202
0 203
0 204
0 205
0 206
0 207
0 208
0 209
0 210
0 211
0 212
0 213
0 214
0 215
0 216
0 217
0 218
0 219
0 220
0 221
0 222
0 223
0 224
0 225
0 226
0 227
0 228
0 229
0 230
0 231
0 232
0 233
0 234
0 235
0 236
0 237
0 238
0 239
0 240
0 241
0 242
0 243
0 244
0 245
0 246
0 247
0 248
0 249
0 250
0 251
0 252
0 253
0 254
0 255
0 256
0 257
0 258
0 259
0 260
0 261
0 262
0 263
0 264
0 265
0 266
0 267
0 268
0 269
0 270
0 271
0 272
0 273
0 274
0 275
0 276
0 277
0 278
0 279
0 280
0 281
0 282
0 283
0 284
0 285
0 286
0 287
0 288
0 289
0 290
0 291
0 292
0 293
0 294
0 295
0 296
0 297
0 298
0 299
0 300
0 301
0 302
0 303
0 304
0 305
0 306
0 307
0 308
0 309
0 310
0 311
0 312
0 313
0 314
0 315
0 316
0 317
0 318
0 319
0 320
0 321
0 322
0 323
0 324
0 325
0 326
0 327
0 328
0 329
0 330
0 331
0 332
0 333
0 334
0 335
0 336
0 337
0 338
0 339
0 340
0 341
0 342
0 343
0 344
0 345
0 346
0 347
0 348
0 349
0 350
0 351
0 352
0 353
0 354
0 355
0 356
0 357
0 358
0 359
0 360
0 361
0 362
0 363
0 364
0 365
0 366
0 367
0 368
0 369
0 370
0 371
0 372
0 373
0 374
0 375
0 376
0 377
0 378
0 379
0 380
0 381
0 382
0 383
0 384
0 385
0 386
0 387
0 388
0 389
0 390
0 391
0 392
0 393
0 394
0 395
0 396
0 397
0 398
0 399
1 76
1 201
1 260
1 269
1 280
1 395
2 18
2 132
2 197
2 212
2 244
2 367
3 10
3 175
3 178
3 190
3 233
3 262
3 353
4 96
4 126
4 159
4 199
4 299
4 370
5 52
5 56
5 64
5 143
5 161
5 242
5 255
5 356
6 40
6 237
6 379
7 83
7 107
7 187
7 194
7 361
7 389
8 24
8 49
8 126
9 40
9 138
9 199
9 233
9 348
9 366
9 384
10 11
10 18
10 40
10 57
10 79
10 115
10 263
11 227
11 266
11 271
11 294
11 316
11 341
11 352
11 388
12 102
12 190
12 221
12 259
12 313
13 132
13 143
13 257
13 263
14 35
14 46
14 89
14 163
14 315
14 320
14 355
15 32
15 152
15 166
15 191
15 202
15 249
15 369
15 399
16 89
16 98
16 150
16 170
16 268
16 347
16 399
17 71
17 168
17 255
17 277
17 285
17 371
17 389
18 66
18 121
18 193
18 214
18 262
18 286
18 381
19 68
19 180
19 221
19 278
19 325
19 343
19 359
20 76
20 100
20 156
20 292
20 305
20 312
21 35
21 209
21 231
21 314
21 321
21 350
22 83
22 153
22 182
22 226
22 254
22 262
22 361
22 363
22 376
23 34
23 65
23 120
23 203
24 127
24 197
25 27
25 144
25 194
25 197
25 237
25 373
26 190
26 236
26 248
26 261
26 296
26 376
26 393
27 66
27 75
27 82
27 242
27 336
27 349
28 70
28 78
28 100
28 226
28 257
28 369
29 65
29 127
29 168
29 180
29 209
29 215
29 280
29 288
30 33
30 36
30 59
30 307
30 342
30 391
31 105
31 130
31 147
31 160
31 168
31 242
31 260
31 285
31 382
32 271
32 301
33 96
33 258
33 333
33 386
33 397
34 59
34 62
34 123
34 267
34 381
35 45
35 75
35 176
35 186
35 362
36 104
36 186
36 198
36 231
36 238
36 256
36 257
36 348
36 384
37 128
37 268
37 269
38 44
38 84
38 198
38 266
39 69
39 118
39 193
39 244
39 321
39 363
39 366
39 399
40 59
40 98
40 210
41 226
41 257
41 277
41 300
41 303
42 347
42 396
43 193
43 265
43 290
43 334
44 162
44 257
44 357
44 371
44 379
44 393
45 81
45 144
45 157
45 160
46 71
46 89
46 132
46 278
46 391
47 85
47 119
47 235
47 277
48 104
48 147
48 178
48 245
48 276
48 288
49 94
49 349
49 381
49 391
50 81
50 125
50 221
50 289
50 294
50 388
50 397
51 127
51 150
52 79
52 245
52 261
52 266
52 315
52 331
52 375
53 259
53 385
53 396
54 56
54 104
54 189
54 360
55 117
55 141
56 185
56 247
57 226
57 322
57 380
58 60
58 121
58 162
58 229
58 304
58 393
59 64
59 102
59 150
59 188
59 358
59 370
60 62
60 282
60 323
60 399
61 87
61 121
61 250
62 72
62 126
62 172
62 186
62 383
63 232
63 377
64 86
64 157
64 159
64 241
64 328
64 362
64 370
65 70
66 201
66 243
66 356
67 78
67 131
67 140
67 146
67 266
67 271
67 325
68 83
68 107
68 129
68 205
68 218
68 224
68 267
68 340
68 365
68 376
69 120
69 139
69 199
69 260
69 344
70 87
70 241
70 257
70 258
70 265
70 310
71 247
71 255
71 278
71 319
72 73
72 113
72 213
72 237
72 290
72 307
72 310
73 246
73 361
73 384
73 393
74 93
74 181
74 232
74 304
75 93
75 121
75 213
75 263
75 281
75 297
75 305
76 136
76 168
76 200
76 268
76 317
76 324
76 334
76 348
77 123
77 178
77 188
77 195
77 331
77 333
77 385
78 82
78 210
78 259
78 301
78 331
78 389
79 93
79 102
79 167
79 172
79 193
79 201
80 116
80 118
80 155
80 273
80 320
81 144
81 160
81 203
81 226
81 229
81 284
81 307
82 147
82 227
82 358
82 392
83 141
83 255
84 163
84 205
84 276
84 307
84 395
85 202
85 250
86 98
86 344
86 375
86 382
86 397
87 121
87 164
87 237
87 299
87 302
87 367
87 382
88 128
88 264
89 197
89 369
89 392
90 233
90 273
90 287
91 101
91 188
91 199
91 268
91 296
92 155
92 180
92 216
93 119
93 163
93 180
95 121
95 145
96 119
96 168
96 276
96 282
96 357
97 143
97 171
97 183
97 263
97 270
98 111
98 134
98 234
98 340
98 374
99 239
99 280
99 342
99 362
100 154
100 207
100 251
100 264
100 292
100 358
101 215
101 279
101 284
102 122
102 268
102 384
103 134
104 133
104 195
104 315
104 330
104 363
105 142
105 166
105 206
105 238
105 262
105 275
105 374
105 377
105 397
106 207
106 255
106 285
106 335
106 386
107 108
107 187
107 268
107 312
107 326
107 342
107 353
107 367
107 374
108 383
109 115
109 152
109 161
109 218
109 279
109 319
110 112
110 122
110 149
110 175
110 209
110 224
110 338
110 377
110 379
111 179
111 200
111 295
112 115
112 196
112 333
112 364
113 167
113 277
113 335
113 342
113 357
114 168
114 239
114 266
114 335
115 154
115 168
115 397
116 119
116 143
117 180
117 196
117 200
117 244
117 245
117 321
117 346
118 179
118 238
118 273
118 301
119 329
119 347
119 396
120 347
120 349
121 288
121 338
121 374
121 379
121 382
122 135
122 259
122 281
122 324
123 263
123 294
123 385
124 225
124 242
124 319
124 352
124 396
125 147
125 159
125 182
125 296
125 377
125 399
126 142
126 209
126 246
126 250
126 309
126 395
127 314
127 327
128 260
128 301
128 325
129 167
129 268
129 324
130 215
131 228
131 238
131 263
131 366
132 140
132 290
133 165
133 192
133 216
133 261
133 264
133 290
133 305
133 340
134 174
134 186
134 203
135 179
135 241
135 290
135 343
136 171
136 183
136 235
136 241
136 378
137 222
137 240
137 267
137 270
138 300
138 372
139 171
139 201
139 223
139 270
139 323
139 365
139 387
140 158
140 343
140 373
141 164
141 170
141 246
141 279
141 366
142 193
142 377
143 157
143 174
143 250
143 323
144 250
144 323
144 328
144 368
144 388
145 193
145 253
145 261
145 350
146 149
146 286
146 370
147 332
147 388
147 392
148 156
148 224
148 311
148 361
149 187
149 224
149 283
150 298
150 340
151 158
151 201
151 205
151 207
151 271
151 387
152 351
152 391
153 266
153 372
153 390
154 199
154 333
154 382
155 201
155 264
156 158
156 287
157 214
157 229
157 251
157 364
159 289
159 322
160 187
160 231
161 237
162 256
162 342
162 368
162 381
163 173
163 283
163 367
164 273
165 207
165 221
165 226
165 243
165 255
165 265
165 288
165 397
166 230
167 175
167 233
167 259
167 306
167 338
167 386
167 393
168 178
168 271
168 385
169 181
169 264
169 280
169 282
169 326
169 341
170 232
170 331
171 200
171 236
171 242
171 348
172 181
172 205
172 261
172 277
172 326
172 350
173 176
173 190
173 232
173 279
173 316
174 221
174 284
174 285
175 223
175 254
175 315
175 345
175 362
176 211
176 266
176 285
176 309
176 324
176 329
176 365
176 366
177 274
177 297
177 321
177 391
178 316
178 330
178 359
178 390
179 218
179 247
179 261
179 304
179 330
180 196
180 221
180 355
180 395
181 272
181 340
181 382
182 263
182 265
182 342
183 261
183 345
184 358
184 372
185 267
185 356
185 381
186 273
186 363
188 193
188 324
188 356
189 267
189 295
189 329
189 330
189 337
189 393
190 203
191 229
191 245
191 305
191 325
192 208
193 227
193 344
194 224
194 227
194 267
194 380
194 387
195 258
195 305
195 334
195 342
195 352
196 250
196 269
196 333
196 361
197 288
197 342
197 363
198 246
198 298
198 339
198 363
199 222
199 246
199 261
199 266
199 283
199 316
199 397
200 223
200 225
200 320
200 367
200 378
201 247
201 249
201 331
201 337
201 351
201 377
202 225
202 286
203 227
203 230
203 233
204 264
205 232
205 272
205 282
205 300
206 281
206 347
206 353
207 340
207 380
208 218
208 250
208 298
209 216
209 266
209 359
209 395
210 218
211 283
211 287
212 287
212 297
212 350
213 216
213 280
213 360
213 378
214 221
214 232
214 273
215 217
215 251
215 373
216 217
216 228
216 275
216 334
217 221
217 260
218 224
218 225
218 231
218 265
218 326
218 367
219 266
219 333
220 258
220 270
220 277
221 233
221 339
222 292
222 391
223 224
223 242
223 248
223 289
225 251
227 265
227 366
229 327
230 240
230 242
230 333
230 398
231 394
232 249
232 282
233 267
233 272
233 348
234 388
234 393
236 271
236 384
237 251
238 241
238 247
238 278
238 364
238 371
238 391
239 257
241 350
242 284
242 332
242 390
243 267
243 362
244 316
244 352
245 313
246 296
247 263
247 330
247 394
248 306
248 391
249 386
250 304
251 281
251 352
252 260
252 298
252 314
252 320
253 264
253 369
253 383
253 397
253 399
254 274
255 287
255 307
255 354
255 371
257 286
257 289
257 346
257 347
257 363
258 323
258 337
259 324
259 363
259 389
260 288
260 299
260 315
263 272
263 323
263 378
264 396
265 322
265 338
265 387
266 324
267 372
268 315
268 317
268 320
268 321
268 329
268 375
269 338
269 342
270 382
271 346
272 274
272 309
272 326
272 327
272 340
272 343
272 349
272 364
272 371
272 391
274 284
274 306
274 378
276 298
276 303
276 367
277 281
277 299
277 332
277 369
277 392
278 315
279 289
279 334
279 342
280 318
280 323
280 386
281 312
281 322
282 380
282 396
283 303
283 319
283 395
284 334
284 375
284 377
286 300
287 307
287 399
288 313
289 302
290 321
290 333
290 342
291 355
292 342
292 361
292 391
293 330
293 340
294 319
294 325
294 363
294 386
294 394
295 348
295 356
297 319
297 355
298 355
299 325
299 333
301 319
302 329
303 310
303 333
304 324
304 341
305 390
306 355
307 352
307 365
310 350
311 320
311 321
312 318
312 320
312 341
312 367
315 340
315 352
315 380
315 387
317 318
317 324
317 399
319 378
322 353
322 370
323 380
324 326
325 330
325 375
325 387
326 354
326 389
327 352
327 382
328 366
330 376
330 377
331 367
332 399
334 335
334 364
334 388
335 361
336 353
336 385
338 377
338 381
339 397
341 380
343 378
344 353
348 391
349 352
349 396
350 352
353 377
353 389
353 395
354 394
356 380
356 391
358 390
363 374
363 398
364 390
369 393
374 379
379 386
385 399
386 389
386 392
390 397
400 288
400 401
400 402
400 403
401 227
401 402
401 403
402 21
402 403
403 328
