504 1996
0 1
0 2
0 3
0 4
0 5
0 6
0 7
0 8
0 9
0 10
0 11
0 12
0 13
0 14
0 15
0 16
0 17
0 18
0 19
0 20
0 21
0 22
0 23
0 24
0 25
0 26
0 27
0 28
0 29
0 30
0 31
0 32
0 33
0 34
0 35
0 36
0 37
0 38
0 39
0 40
0 41
0 42
0 43
0 44
0 45
0 46
0 47
0 48
0 49
0 50
0 51
0 52
0 53
0 54
0 55
0 56
0 57
0 58
0 59
0 60
0 61
0 62
0 63
0 64
0 65
0 66
0 67
0 68
0 69
0 70
0 71
0 72
0 73
0 74
0 75
0 76
0 77
0 78
0 79
0 80
0 81
0 82
0 83
0 84
0 85
0 86
0 87
0 88
0 89
0 90
0 91
0 92
0 93
0 94
0 95
0 96
0 97
0 98
0 99
0 100
0 101
0 102
0 103
0 104
0 105
0 106
0 107
0 108
0 109
0 110
0 111
0 112
0 113
0 114
0 115
0 116
0 117
0 118
0 119
0 120
0 121
0 122
0 123
0 124
0 125
0 126
0 127
0 128
0 129
0 130
0 131
0 132
0 133
0 134
0 135
0 136
0 137
0 138
0 139
0 140
0 141
0 142
0 143
0 144
0 145
0 146
0 147
0 148
0 149
0 150
0 151
0 152
0 153
0 154
0 155
0 156
0 157
0 158
0 159
0 160
0 161
0 162
0 163
0 164
0 165
0 166
0 167
0 168
0 169
0 170
0 171
0 172
0 173
0 174
0 175
0 176
0 177
0 178
0 179
0 180
0 181
0 182
0 183
0 184
0 185
0 186
0 187
0 188
0 189
0 190
0 191
0 192
0 193
0 194
0 195
0 196
0 197
0 198
0 199
0 200
0 201
0 202
0 203
0 204
0 205
0 206
0 207
0 208
0 209
0 210
0 211
0 212
0 213
0 214
0 215
0 216
0 217
0 218
0 219
0 220
0 221
0 222
0 223
0 224
0 225
0 226
0 227
0 228
0 229
0 230
0 231
0 232
0 233
0 234
0 235
0 236
0 237
0 238
0 239
0 240
0 241
0 242
0 243
0 244
0 245
0 246
0 247
0 248
0 249
0 250
0 251
0 252
0 253
0 254
0 255
0 256
0 257
0 258
0 259
0 260
0 261
0 262
0 263
0 264
0 265
0 266
0 267
0 268
0 269
0 270
0 271
0 272
0 273
0 274
0 275
0 276
0 277
0 278
0 279
0 280
0 281
0 282
0 283
0 284
0 285
0 286
0 287
0 288
0 289
0 290
0 291
0 292
0 293
0 294
0 295
0 296
0 297
0 298
0 299
0 300
0 301
0 302
0 303
0 304
0 305
0 306
0 307
0 308
0 309
0 310
0 311
0 312
0 313
0 314
0 315
0 316
0 317
0 318
0 319
0 320
0 321
0 322
0 323
0 324
0 325
0 326
0 327
0 328
0 329
0 330
0 331
0 332
0 333
0 334
0 335
0 336
0 337
0 338
0 339
0 340
0 341
0 342
0 343
0 344
0 345
0 346
0 347
0 348
0 349
0 350
0 351
0 352
0 353
0 354
0 355
0 356
0 357
0 358
0 359
0 360
0 361
0 362
0 363
0 364
0 365
0 366
0 367
0 368
0 369
0 370
0 371
0 372
0 373
0 374
0 375
0 376
0 377
0 378
0 379
0 380
0 381
0 382
0 383
0 384
0 385
0 386
0 387
0 388
0 389
0 390
0 391
0 392
0 393
0 394
0 395
0 396
0 397
0 398
0 399
0 400
0 401
0 402
0 403
0 404
0 405
0 406
0 407
0 408
0 409
0 410
0 411
0 412
0 413
0 414
0 415
0 416
0 417
0 418
0 419
0 420
0 421
0 422
0 423
0 424
0 425
0 426
0 427
0 428
0 429
0 430
0 431
0 432
0 433
0 434
0 435
0 436
0 437
0 438
0 439
0 440
0 441
0 442
0 443
0 444
0 445
0 446
0 447
0 448
0 449
0 450
0 451
0 452
0 453
0 454
0 455
0 456
0 457
0 458
0 459
0 460
0 461
0 462
0 463
0 464
0 465
0 466
0 467
0 468
0 469
0 470
0 471
0 472
0 473
0 474
0 475
0 476
0 477
0 478
0 479
0 480
0 481
0 482
0 483
0 484
0 485
0 486
0 487
0 488
0 489
0 490
0 491
0 492
0 493
0 494
0 495
0 496
0 497
0 498
0 499
1 342
1 351
1 411
1 469
1 477
2 230
2 343
2 374
2 497
3 34
3 177
3 247
3 260
3 318
3 426
4 29
4 92
4 95
4 136
4 213
4 255
4 282
4 422
4 491
5 108
5 266
5 336
5 431
5 452
6 35
6 46
6 58
6 163
6 217
6 261
6 288
6 355
6 371
6 419
6 442
6 470
7 52
7 87
7 92
7 136
7 218
7 468
8 58
8 73
8 281
8 368
8 402
8 443
8 458
9 84
9 199
9 254
9 388
9 415
10 44
10 148
10 272
10 280
10 471
11 21
11 106
11 237
11 325
12 35
12 42
12 48
12 59
12 134
12 139
12 286
12 395
12 476
13 148
13 211
13 227
13 306
14 20
14 57
14 238
14 255
14 413
14 444
15 143
15 231
15 438
16 41
16 214
16 316
16 332
17 169
17 172
17 214
17 435
17 445
17 465
17 469
18 219
18 490
19 30
19 174
19 253
19 258
19 264
19 340
19 422
19 455
19 484
19 486
20 41
20 62
20 84
20 121
20 157
20 303
20 383
20 435
21 38
21 203
21 383
21 446
22 115
22 137
22 144
22 152
22 443
22 475
23 87
23 268
23 418
23 455
24 187
24 225
24 243
24 280
24 300
24 330
24 448
25 370
25 440
25 444
25 477
25 485
26 50
26 149
26 159
26 202
26 254
26 366
26 387
26 395
27 66
27 158
27 244
27 350
28 29
28 198
28 277
28 302
28 351
28 367
28 374
28 387
28 411
29 39
29 224
29 228
29 380
29 499
30 67
30 90
30 115
30 147
30 354
30 355
30 452
30 467
30 471
31 106
31 170
31 193
31 211
31 383
31 397
31 416
31 446
31 476
32 97
32 275
32 314
32 429
33 86
33 102
33 104
33 184
34 101
35 61
35 104
35 166
35 209
35 268
35 318
35 349
35 385
35 497
36 109
36 167
36 203
36 232
36 266
37 119
37 265
37 286
38 178
38 184
38 357
38 456
39 53
39 342
39 360
39 395
40 66
40 143
40 277
40 362
40 440
40 496
41 56
41 145
41 256
41 295
41 349
41 393
41 471
42 300
42 301
42 345
42 432
43 208
43 266
43 418
44 104
44 327
44 432
44 434
44 461
45 154
45 228
45 231
45 248
45 253
45 382
45 458
46 327
46 335
47 236
47 331
48 49
48 58
48 63
48 73
48 75
48 88
48 219
48 292
48 373
48 421
48 440
49 80
49 191
49 217
49 237
49 459
50 178
50 239
50 263
50 466
51 60
51 141
51 262
51 371
51 376
52 63
52 81
52 87
52 182
52 245
52 335
52 379
52 385
52 412
52 430
52 460
52 466
53 142
53 378
53 395
53 454
54 352
54 355
54 366
55 63
55 78
55 204
55 257
55 284
55 407
55 427
55 478
56 116
56 286
56 287
56 394
56 485
57 188
57 230
57 245
57 444
57 483
58 172
58 356
58 379
58 437
58 495
59 255
59 298
59 305
60 99
60 193
60 206
60 227
60 256
60 405
61 69
61 76
61 312
61 318
61 333
61 339
61 351
61 405
61 424
62 74
62 328
62 329
62 345
62 352
62 392
62 413
63 151
63 208
63 275
63 408
63 468
64 100
64 147
64 223
64 226
64 405
64 446
64 462
65 146
65 189
65 327
65 365
66 123
66 137
66 254
66 284
66 364
67 113
67 141
67 144
67 174
67 243
67 312
67 331
68 210
68 237
68 384
69 81
69 154
69 179
69 222
69 239
69 283
69 287
69 294
70 107
70 295
70 340
70 365
71 112
71 126
71 173
71 186
71 312
71 399
71 444
72 159
72 186
72 209
73 125
73 224
73 242
73 291
73 453
74 153
74 174
74 228
74 248
74 376
74 403
74 436
74 494
75 167
75 221
75 252
75 448
75 481
76 289
76 475
76 481
77 101
77 254
77 313
77 317
77 370
77 416
77 431
78 89
78 107
78 259
78 295
79 182
79 186
79 222
79 223
80 340
80 409
81 243
81 271
82 292
82 395
82 409
82 469
83 101
83 119
83 207
83 265
84 336
84 438
84 460
84 468
85 104
85 108
85 166
85 273
85 327
85 379
85 413
86 319
86 480
87 248
87 357
87 455
87 463
88 90
88 278
88 393
89 121
89 159
89 161
89 307
89 397
89 417
89 465
90 307
90 311
90 457
90 477
91 171
91 288
91 308
92 99
92 136
92 161
92 191
92 299
92 339
92 379
92 465
92 469
93 116
93 254
93 442
93 483
94 272
94 281
94 397
94 495
95 140
95 147
95 208
95 234
95 400
95 409
96 98
96 100
96 120
96 182
96 190
96 241
96 391
96 438
97 309
97 314
97 337
98 228
98 376
98 410
98 497
99 203
99 385
99 386
99 449
99 453
100 156
100 359
101 131
101 222
101 226
101 334
101 480
102 156
102 404
102 431
103 193
103 348
103 463
103 485
104 242
104 337
105 189
105 256
105 450
105 491
106 118
106 121
106 130
106 136
106 329
107 272
107 328
107 426
108 121
108 154
108 188
108 196
108 201
108 223
109 119
109 154
109 245
109 305
109 343
109 376
109 385
110 123
110 311
110 410
112 172
112 278
112 476
113 158
113 162
113 331
113 338
113 432
113 458
114 138
114 153
114 192
114 368
114 453
115 184
115 348
115 408
115 499
116 147
116 249
117 290
117 314
117 387
117 436
117 490
118 225
118 277
118 464
118 470
119 128
119 193
119 213
119 234
119 252
119 269
119 286
119 381
119 402
120 197
120 231
120 275
120 287
120 299
120 331
120 404
120 479
120 499
121 202
121 284
121 286
121 380
121 475
121 498
121 499
122 123
122 252
122 278
122 306
122 324
122 331
122 350
123 311
123 365
123 379
124 176
124 196
124 255
124 334
124 429
125 265
125 267
125 350
126 262
126 449
126 452
126 489
127 205
127 246
127 297
127 435
127 438
128 275
128 365
128 479
129 341
129 365
129 451
129 473
130 151
130 204
130 275
130 352
130 381
130 470
130 487
131 141
131 374
131 399
131 420
132 199
132 258
132 416
132 487
133 155
133 213
133 247
134 140
134 216
134 255
134 291
134 299
134 423
135 151
135 230
135 341
135 358
136 320
136 321
136 351
136 403
136 433
137 180
137 220
137 290
137 294
137 473
138 155
138 168
138 199
138 229
138 250
139 142
139 214
139 309
139 358
140 212
140 225
140 241
140 275
140 442
141 375
141 411
141 445
142 250
142 487
143 267
143 329
143 467
144 191
144 281
144 440
144 465
145 267
145 486
146 235
146 245
146 460
147 224
147 244
147 291
147 297
148 225
148 319
148 357
148 449
149 172
149 198
149 274
149 324
149 347
149 394
150 259
150 358
151 194
151 288
151 445
151 473
151 482
151 487
152 229
152 285
152 289
153 314
153 367
153 370
153 424
153 434
154 192
154 277
154 437
155 169
155 199
155 266
155 315
155 344
156 215
156 234
156 261
156 272
156 278
157 182
157 273
157 274
157 280
157 340
157 378
157 393
159 360
159 374
159 407
159 465
160 199
160 369
160 458
161 227
161 253
161 271
161 369
161 381
161 465
162 193
162 375
162 417
163 268
163 310
164 224
164 256
164 263
164 265
164 348
164 359
164 436
165 365
165 476
166 175
166 188
166 192
166 274
166 375
166 398
167 301
167 370
167 446
167 467
169 222
169 309
169 320
169 352
169 403
170 249
170 325
170 330
170 385
170 448
170 469
171 206
171 472
172 274
172 351
173 323
173 366
173 375
174 250
174 471
175 239
175 360
175 474
176 199
176 420
176 476
177 192
177 268
177 358
177 369
177 473
178 180
178 196
178 228
178 248
178 294
178 301
178 334
178 353
178 357
178 370
178 429
178 459
178 476
179 408
179 411
179 433
179 479
180 214
180 354
180 489
181 222
181 224
181 371
181 378
181 393
181 498
182 202
182 300
182 336
183 316
183 338
183 342
183 370
184 216
184 276
184 295
184 323
184 400
184 442
185 189
185 192
185 328
185 382
185 446
186 239
186 240
186 243
186 375
186 412
186 470
187 430
188 228
188 298
188 317
188 329
188 330
189 237
189 251
189 305
189 405
189 464
190 255
190 306
190 314
190 408
190 481
191 193
191 204
191 364
191 374
192 413
192 494
193 252
193 344
193 401
193 418
193 470
194 292
194 315
195 387
195 426
196 243
196 274
196 383
197 364
197 366
197 373
197 375
197 458
197 492
198 200
198 281
198 391
199 318
199 384
199 397
199 405
200 202
200 261
200 358
200 409
201 207
201 335
201 356
201 477
202 413
203 241
203 392
203 404
203 453
204 287
204 377
204 420
205 293
205 325
205 366
205 443
205 466
206 365
206 479
208 220
208 388
209 233
209 243
209 344
209 365
209 397
209 432
210 283
211 346
211 426
211 449
211 497
212 214
212 215
212 314
212 316
212 327
212 414
212 458
212 476
214 395
215 224
215 241
215 315
215 435
215 494
216 242
216 274
216 482
217 312
217 443
217 444
218 252
218 268
218 339
219 246
219 305
219 360
219 422
220 251
220 399
221 395
221 445
222 261
222 378
222 379
222 398
223 425
224 291
224 316
224 356
224 405
224 412
225 251
225 273
225 376
226 276
226 318
226 476
226 478
227 284
227 312
227 412
227 455
228 275
228 421
228 499
229 294
229 309
229 342
229 454
229 480
229 484
230 266
230 329
230 335
230 355
230 382
231 258
231 364
231 397
231 437
231 483
231 494
232 247
232 282
232 310
232 376
232 385
232 394
232 475
234 282
234 345
234 394
234 408
234 440
234 453
235 386
235 396
236 303
236 437
236 466
237 247
237 283
237 375
237 379
237 396
237 442
237 469
238 252
238 325
238 326
238 445
239 249
239 314
239 315
240 265
241 268
241 271
241 311
241 326
241 344
241 348
241 413
242 293
242 307
242 315
242 360
242 417
242 420
242 495
243 450
244 270
244 427
244 462
245 256
245 285
245 298
245 370
245 477
246 263
246 380
246 404
248 300
248 428
249 273
249 383
250 413
251 270
251 272
251 273
251 301
251 359
252 259
252 266
252 304
252 383
253 416
254 367
254 374
255 413
255 436
256 282
256 420
256 432
257 259
257 316
257 350
257 362
258 443
259 272
259 308
259 366
259 382
259 481
259 499
260 297
260 330
260 375
261 264
261 289
261 328
261 378
263 279
264 283
264 298
264 453
265 277
265 390
265 398
265 479
266 315
267 342
267 384
267 485
268 395
268 460
268 488
269 473
270 335
270 360
270 388
270 439
271 335
271 341
272 421
274 291
274 363
274 449
275 363
275 371
275 388
276 282
276 384
277 288
277 296
278 291
279 334
279 448
280 319
280 434
280 482
281 340
282 335
282 339
282 372
282 380
282 421
282 464
283 329
283 350
283 488
284 459
285 294
285 370
285 465
286 404
286 413
286 456
286 493
287 318
287 389
288 396
289 324
289 426
290 397
290 469
291 309
292 396
292 437
292 453
293 350
293 406
293 430
294 404
294 419
294 429
295 321
295 333
295 448
296 310
296 400
296 451
297 310
297 375
298 337
298 356
299 316
301 318
301 332
301 339
301 399
301 496
302 324
302 468
303 344
303 416
303 422
304 336
304 386
304 431
305 343
305 431
305 479
306 390
306 418
306 430
306 465
306 482
307 367
307 478
308 439
309 346
311 313
311 346
311 404
312 367
312 373
312 487
313 412
313 419
313 423
313 499
314 342
314 367
315 434
316 364
316 397
317 342
317 361
317 470
318 361
318 382
318 460
319 320
319 374
319 389
319 404
320 380
320 435
320 454
320 490
321 407
321 431
321 480
322 364
323 369
323 381
323 387
323 414
324 431
324 440
324 487
325 347
325 449
326 366
326 405
326 448
326 468
326 476
328 407
328 449
330 385
330 492
331 363
331 414
331 460
332 358
332 373
333 354
333 445
334 385
334 470
335 408
335 434
336 350
336 391
336 463
337 364
338 410
338 440
338 445
339 360
339 407
339 414
339 441
339 443
339 450
339 493
340 429
340 463
341 395
341 456
341 496
342 428
344 388
344 429
345 379
345 395
346 350
346 471
348 381
348 462
349 391
349 414
349 423
349 494
350 461
351 397
352 357
352 390
353 377
353 379
353 423
353 498
354 454
355 439
355 469
356 378
356 458
357 359
357 489
358 390
358 404
359 367
359 434
359 450
359 451
359 476
360 370
360 388
360 390
360 422
361 388
361 499
362 454
362 468
362 497
363 422
363 490
363 495
365 477
366 447
366 449
367 447
367 464
369 432
371 452
372 432
372 497
374 463
376 443
376 461
377 401
377 448
378 405
378 417
378 476
380 383
380 411
380 416
380 419
381 461
382 421
382 434
383 390
383 441
384 471
384 487
384 488
385 449
385 477
385 493
387 390
388 402
390 445
390 491
391 424
394 415
396 458
399 446
399 447
400 477
401 404
401 423
401 450
401 461
403 459
405 431
406 427
408 411
408 498
409 483
409 492
410 414
410 497
411 447
412 423
414 426
414 460
414 488
416 468
417 477
417 493
418 440
418 485
420 464
420 483
420 487
421 465
423 462
425 450
425 464
427 487
428 482
430 495
431 486
432 451
432 455
437 455
440 447
441 499
442 466
442 495
443 493
444 493
444 499
445 449
446 475
447 464
448 473
449 487
449 497
450 486
455 485
483 494
500 20
500 501
500 502
500 503
501 215
501 502
501 503
502 318
502 503
503 16
