804 3194
0 1
0 2
0 3
0 4
0 5
0 6
0 7
0 8
0 9
0 10
0 11
0 12
0 13
0 14
0 15
0 16
0 17
0 18
0 19
0 20
0 21
0 22
0 23
0 24
0 25
0 26
0 27
0 28
0 29
0 30
0 31
0 32
0 33
0 34
0 35
0 36
0 37
0 38
0 39
0 40
0 41
0 42
0 43
0 44
0 45
0 46
0 47
0 48
0 49
0 50
0 51
0 52
0 53
0 54
0 55
0 56
0 57
0 58
0 59
0 60
0 61
0 62
0 63
0 64
0 65
0 66
0 67
0 68
0 69
0 70
0 71
0 72
0 73
0 74
0 75
0 76
0 77
0 78
0 79
0 80
0 81
0 82
0 83
0 84
0 85
0 86
0 87
0 88
0 89
0 90
0 91
0 92
0 93
0 94
0 95
0 96
0 97
0 98
0 99
0 100
0 101
0 102
0 103
0 104
0 105
0 106
0 107
0 108
0 109
0 110
0 111
0 112
0 113
0 114
0 115
0 116
0 117
0 118
0 119
0 120
0 121
0 122
0 123
0 124
0 125
0 126
0 127
0 128
0 129
0 130
0 131
0 132
0 133
0 134
0 135
0 136
0 137
0 138
0 139
0 140
0 141
0 142
0 143
0 144
0 145
0 146
0 147
0 148
0 149
0 150
0 151
0 152
0 153
0 154
0 155
0 156
0 157
0 158
0 159
0 160
0 161
0 162
0 163
0 164
0 165
0 166
0 167
0 168
0 169
0 170
0 171
0 172
0 173
0 174
0 175
0 176
0 177
0 178
0 179
0 180
0 181
0 182
0 183
0 184
0 185
0 186
0 187
0 188
0 189
0 190
0 191
0 192
0 193
0 194
0 195
0 196
0 197
0 198
0 199
0 200
0 201
0 202
0 203
0 204
0 205
0 206
0 207
0 208
0 209
0 210
0 211
0 212
0 213
0 214
0 215
0 216
0 217
0 218
0 219
0 220
0 221
0 222
0 223
0 224
0 225
0 226
0 227
0 228
0 229
0 230
0 231
0 232
0 233
0 234
0 235
0 236
0 237
0 238
0 239
0 240
0 241
0 242
0 243
0 244
0 245
0 246
0 247
0 248
0 249
0 250
0 251
0 252
0 253
0 254
0 255
0 256
0 257
0 258
0 259
0 260
0 261
0 262
0 263
0 264
0 265
0 266
0 267
0 268
0 269
0 270
0 271
0 272
0 273
0 274
0 275
0 276
0 277
0 278
0 279
0 280
0 281
0 282
0 283
0 284
0 285
0 286
0 287
0 288
0 289
0 290
0 291
0 292
0 293
0 294
0 295
0 296
0 297
0 298
0 299
0 300
0 301
0 302
0 303
0 304
0 305
0 306
0 307
0 308
0 309
0 310
0 311
0 312
0 313
0 314
0 315
0 316
0 317
0 318
0 319
0 320
0 321
0 322
0 323
0 324
0 325
0 326
0 327
0 328
0 329
0 330
0 331
0 332
0 333
0 334
0 335
0 336
0 337
0 338
0 339
0 340
0 341
0 342
0 343
0 344
0 345
0 346
0 347
0 348
0 349
0 350
0 351
0 352
0 353
0 354
0 355
0 356
0 357
0 358
0 359
0 360
0 361
0 362
0 363
0 364
0 365
0 366
0 367
0 368
0 369
0 370
0 371
0 372
0 373
0 374
0 375
0 376
0 377
0 378
0 379
0 380
0 381
0 382
0 383
0 384
0 385
0 386
0 387
0 388
0 389
0 390
0 391
0 392
0 393
0 394
0 395
0 396
0 397
0 398
0 399
0 400
0 401
0 402
0 403
0 404
0 405
0 406
0 407
0 408
0 409
0 410
0 411
0 412
0 413
0 414
0 415
0 416
0 417
0 418
0 419
0 420
0 421
0 422
0 423
0 424
0 425
0 426
0 427
0 428
0 429
0 430
0 431
0 432
0 433
0 434
0 435
0 436
0 437
0 438
0 439
0 440
0 441
0 442
0 443
0 444
0 445
0 446
0 447
0 448
0 449
0 450
0 451
0 452
0 453
0 454
0 455
0 456
0 457
0 458
0 459
0 460
0 461
0 462
0 463
0 464
0 465
0 466
0 467
0 468
0 469
0 470
0 471
0 472
0 473
0 474
0 475
0 476
0 477
0 478
0 479
0 480
0 481
0 482
0 483
0 484
0 485
0 486
0 487
0 488
0 489
0 490
0 491
0 492
0 493
0 494
0 495
0 496
0 497
0 498
0 499
0 500
0 501
0 502
0 503
0 504
0 505
0 506
0 507
0 508
0 509
0 510
0 511
0 512
0 513
0 514
0 515
0 516
0 517
0 518
0 519
0 520
0 521
0 522
0 523
0 524
0 525
0 526
0 527
0 528
0 529
0 530
0 531
0 532
0 533
0 534
0 535
0 536
0 537
0 538
0 539
0 540
0 541
0 542
0 543
0 544
0 545
0 546
0 547
0 548
0 549
0 550
0 551
0 552
0 553
0 554
0 555
0 556
0 557
0 558
0 559
0 560
0 561
0 562
0 563
0 564
0 565
0 566
0 567
0 568
0 569
0 570
0 571
0 572
0 573
0 574
0 575
0 576
0 577
0 578
0 579
0 580
0 581
0 582
0 583
0 584
0 585
0 586
0 587
0 588
0 589
0 590
0 591
0 592
0 593
0 594
0 595
0 596
0 597
0 598
0 599
0 600
0 601
0 602
0 603
0 604
0 605
0 606
0 607
0 608
0 609
0 610
0 611
0 612
0 613
0 614
0 615
0 616
0 617
0 618
0 619
0 620
0 621
0 622
0 623
0 624
0 625
0 626
0 627
0 628
0 629
0 630
0 631
0 632
0 633
0 634
0 635
0 636
0 637
0 638
0 639
0 640
0 641
0 642
0 643
0 644
0 645
0 646
0 647
0 648
0 649
0 650
0 651
0 652
0 653
0 654
0 655
0 656
0 657
0 658
0 659
0 660
0 661
0 662
0 663
0 664
0 665
0 666
0 667
0 668
0 669
0 670
0 671
0 672
0 673
0 674
0 675
0 676
0 677
0 678
0 679
0 680
0 681
0 682
0 683
0 684
0 685
0 686
0 687
0 688
0 689
0 690
0 691
0 692
0 693
0 694
0 695
0 696
0 697
0 698
0 699
0 700
0 701
0 702
0 703
0 704
0 705
0 706
0 707
0 708
0 709
0 710
0 711
0 712
0 713
0 714
0 715
0 716
0 717
0 718
0 719
0 720
0 721
0 722
0 723
0 724
0 725
0 726
0 727
0 728
0 729
0 730
0 731
0 732
0 733
0 734
0 735
0 736
0 737
0 738
0 739
0 740
0 741
0 742
0 743
0 744
0 745
0 746
0 747
0 748
0 749
0 750
0 751
0 752
0 753
0 754
0 755
0 756
0 757
0 758
0 759
0 760
0 761
0 762
0 763
0 764
0 765
0 766
0 767
0 768
0 769
0 770
0 771
0 772
0 773
0 774
0 775
0 776
0 777
0 778
0 779
0 780
0 781
0 782
0 783
0 784
0 785
0 786
0 787
0 788
0 789
0 790
0 791
0 792
0 793
0 794
0 795
0 796
0 797
0 798
0 799
1 94
1 98
1 297
1 547
1 769
2 142
2 209
2 220
2 454
2 547
2 720
3 116
3 161
3 368
3 508
3 679
3 694
3 739
3 768
4 132
4 160
4 295
4 463
4 533
4 640
4 776
4 790
5 312
5 327
5 574
5 600
5 611
5 645
5 707
6 233
6 678
6 691
7 83
7 133
7 283
7 312
8 254
8 374
8 565
8 649
8 652
8 747
9 157
9 279
9 309
9 406
9 451
9 498
9 588
9 609
9 746
10 258
10 309
10 371
10 417
10 687
11 60
11 65
11 339
11 362
11 384
12 76
12 405
12 446
12 459
12 537
12 598
12 630
12 767
13 499
14 486
14 623
14 693
14 740
15 129
15 355
15 667
16 40
16 183
16 200
16 224
16 245
16 257
16 321
16 546
16 571
16 773
17 201
17 269
17 319
17 440
17 538
17 670
17 761
18 525
18 551
18 552
18 759
19 73
19 87
19 259
19 458
19 566
20 66
20 97
20 167
20 253
20 305
21 150
21 178
21 269
21 627
21 708
22 45
22 160
22 293
22 303
23 114
23 284
23 364
23 721
24 117
24 118
24 736
25 153
25 223
25 603
25 727
25 780
26 240
26 454
26 481
26 510
26 571
26 681
26 701
26 768
27 71
27 145
27 186
27 525
27 682
27 734
27 742
27 799
28 178
28 232
28 277
28 294
28 321
28 359
28 471
28 505
28 506
28 516
28 607
28 671
28 732
29 52
29 136
29 185
29 274
29 372
29 525
29 790
29 791
30 42
30 201
30 342
31 51
31 137
31 216
31 358
31 575
31 606
31 645
31 664
31 717
31 790
32 209
32 278
32 340
32 429
33 67
33 379
33 757
34 65
34 81
34 152
34 185
34 220
34 291
34 530
34 697
35 540
35 668
35 686
36 257
36 380
36 416
36 455
36 460
36 508
36 519
36 535
36 602
36 680
36 684
37 145
37 173
37 193
37 244
37 266
37 561
37 782
38 294
38 579
38 656
38 722
38 758
38 772
39 146
39 194
39 442
39 443
39 453
40 293
40 348
40 700
41 123
41 209
41 500
42 157
42 300
42 352
42 357
42 418
42 439
42 465
42 697
43 338
43 701
45 78
45 118
45 184
45 283
45 357
45 403
45 413
45 442
45 465
45 564
45 787
46 162
46 208
46 226
46 528
46 794
47 168
47 194
47 399
47 724
48 66
48 445
48 488
48 557
48 672
48 773
49 85
49 175
49 195
49 284
49 735
50 57
50 430
50 618
50 777
51 432
51 787
52 154
52 251
52 649
52 689
52 756
53 57
53 81
53 423
53 550
53 575
53 593
53 663
54 111
54 367
54 684
54 739
55 160
55 300
55 444
55 519
55 731
55 765
56 86
56 229
56 693
56 733
56 787
57 215
57 316
57 489
58 252
58 678
58 760
59 224
59 282
60 200
60 403
60 451
60 625
61 139
61 187
61 631
61 673
61 732
63 297
63 317
63 337
63 473
63 478
63 532
63 613
64 87
64 151
64 412
64 582
64 678
65 333
65 507
65 598
65 625
65 633
65 672
65 685
65 703
66 305
66 343
66 726
67 89
67 111
67 153
67 155
67 165
67 202
67 229
67 417
67 532
67 758
68 182
68 364
68 467
68 471
68 592
68 614
68 643
69 101
69 147
69 198
69 272
69 483
69 534
69 561
69 660
69 662
70 248
70 257
70 487
70 492
70 497
71 76
71 95
71 323
71 457
71 591
71 735
72 229
72 231
72 246
72 268
72 316
72 360
72 423
72 451
72 520
72 732
73 330
74 216
74 295
74 318
74 458
74 539
74 741
74 771
75 193
75 277
75 280
75 558
75 675
75 726
75 794
76 99
76 242
76 301
76 551
76 588
76 663
76 716
76 764
77 178
77 244
77 545
77 614
77 721
77 784
77 792
79 340
79 367
79 422
79 505
79 506
79 635
79 691
80 293
80 340
80 700
80 742
81 130
81 134
81 247
81 251
81 291
81 627
81 753
82 421
82 488
82 514
82 616
82 623
82 671
82 704
83 328
83 343
83 420
83 664
84 174
84 199
84 251
84 272
84 363
84 533
84 600
84 630
84 658
84 678
84 725
85 110
85 631
85 767
85 791
86 213
86 250
86 271
86 513
86 596
86 615
86 626
87 104
87 198
87 341
88 232
88 609
88 669
88 688
88 706
89 223
89 702
89 751
90 319
90 349
90 698
91 133
91 233
91 445
91 509
91 585
91 769
92 280
92 385
92 391
93 148
93 233
93 397
93 457
93 524
93 546
93 592
93 619
94 335
94 352
94 363
94 699
95 413
95 553
95 558
95 653
95 750
96 131
96 230
96 324
96 566
96 567
96 707
97 211
97 278
97 319
97 334
97 397
97 470
97 684
98 111
98 134
98 429
98 452
98 616
98 648
99 212
99 220
99 352
99 506
99 665
99 674
99 758
100 163
100 234
100 463
100 480
100 609
100 616
100 622
100 659
100 674
100 721
101 148
101 289
101 330
101 451
101 544
101 561
101 683
102 104
102 206
102 572
102 616
102 649
102 790
103 190
103 230
103 480
103 509
103 642
103 670
104 303
104 492
104 678
105 182
105 379
105 506
105 559
105 603
105 613
105 729
106 370
106 496
106 591
106 659
106 661
106 733
107 126
107 784
108 133
108 241
108 367
108 393
108 455
109 218
109 245
109 332
109 347
109 428
109 441
109 460
109 553
109 728
110 449
110 454
110 455
110 477
110 658
110 724
111 198
111 220
111 439
111 466
111 504
111 725
112 202
112 447
112 624
112 714
113 143
113 259
113 271
113 311
113 322
113 687
114 360
115 578
115 583
115 729
116 120
116 498
116 540
116 561
116 577
116 657
117 267
117 277
117 327
117 349
117 420
117 452
117 530
117 622
117 751
119 551
120 138
120 548
120 565
120 652
120 713
120 732
120 779
121 143
121 170
121 320
121 461
121 550
122 490
122 528
122 557
122 565
123 336
123 368
123 466
123 586
123 610
123 620
123 643
123 779
124 155
124 176
124 390
124 654
125 184
125 186
125 198
125 219
125 512
125 626
125 755
126 251
126 252
126 519
126 798
127 241
127 431
127 521
127 543
128 306
128 322
128 390
128 431
128 726
128 749
129 166
129 380
129 625
130 180
130 305
130 349
130 391
130 448
130 490
130 573
130 649
131 702
131 733
132 182
132 200
132 207
132 349
132 767
132 780
133 146
133 582
133 751
134 289
134 558
134 717
135 208
135 307
135 500
135 565
135 771
135 782
136 318
136 514
136 611
136 737
137 147
137 180
137 327
137 405
137 483
137 536
138 151
138 519
138 567
138 665
138 675
138 684
138 734
139 361
139 652
140 263
140 264
140 266
140 381
140 402
140 530
140 670
140 718
140 795
141 145
141 337
141 387
141 549
141 588
141 706
141 716
141 756
141 777
142 255
142 264
142 367
142 407
142 533
142 658
143 394
144 577
145 311
145 357
145 558
145 732
145 747
146 599
146 777
146 786
147 186
147 369
147 473
147 663
148 421
148 621
148 726
149 190
149 217
149 338
149 388
149 647
149 649
150 231
150 328
150 349
150 449
150 479
150 708
150 779
150 793
151 241
151 345
151 436
152 228
152 229
152 279
152 284
152 374
152 445
152 525
152 619
152 662
152 755
153 326
153 355
153 423
153 449
153 654
154 190
154 272
154 480
154 619
154 668
154 780
155 422
155 443
156 278
156 508
156 575
157 312
157 627
158 521
158 687
159 239
159 301
159 386
159 414
159 468
160 305
160 463
160 476
160 586
160 592
161 748
162 215
162 362
162 366
162 546
162 636
162 696
162 738
162 756
163 176
163 469
163 623
164 354
164 703
164 756
164 766
165 236
165 327
165 495
165 601
166 216
166 292
166 351
166 627
166 659
166 666
166 674
166 726
166 797
167 194
167 430
167 447
167 527
167 581
167 637
167 783
168 186
168 304
168 343
168 512
168 569
168 595
168 651
168 780
169 240
169 463
169 507
169 516
169 521
169 603
169 615
169 668
169 748
171 271
171 341
171 432
171 498
171 637
171 724
171 775
172 306
172 379
172 568
172 598
173 589
173 592
173 684
173 719
173 758
174 330
174 440
175 278
175 293
175 416
175 543
175 562
176 184
176 289
176 321
176 411
176 428
176 517
176 540
176 552
176 677
176 730
177 364
177 468
177 569
177 597
178 383
178 537
178 659
179 311
179 335
179 339
179 617
179 669
179 753
179 765
180 188
180 286
180 295
180 367
180 476
181 205
181 221
181 464
181 496
181 527
181 556
181 640
181 717
182 208
182 216
182 336
182 341
182 449
182 543
182 724
183 226
183 433
183 563
183 647
183 648
183 650
183 761
184 492
184 531
184 581
184 704
184 716
185 201
185 267
185 384
185 452
185 682
185 792
186 296
186 679
187 229
188 248
188 295
189 349
189 517
189 546
189 589
189 724
189 727
189 758
190 403
190 446
190 515
190 578
190 590
190 591
190 619
190 634
191 535
191 704
191 720
191 733
192 437
192 487
192 752
193 202
193 289
193 493
193 503
193 698
193 709
193 734
194 246
194 585
194 731
195 391
195 553
195 599
195 705
195 784
196 254
196 262
196 348
196 374
196 383
197 250
197 280
197 281
197 282
197 296
197 430
197 572
197 715
197 763
197 777
197 792
198 212
198 223
198 250
198 618
198 627
198 666
198 673
199 289
199 310
199 439
199 656
200 222
200 358
200 380
200 436
200 611
200 673
201 344
201 451
201 489
201 711
201 778
202 228
202 245
202 609
202 794
203 273
203 446
204 241
204 336
204 364
204 399
204 579
204 672
204 709
205 391
205 454
205 778
206 332
206 416
206 507
207 217
207 220
207 245
207 319
207 365
207 580
207 607
207 619
208 430
208 439
208 514
208 572
209 245
209 287
209 445
210 256
210 258
210 273
210 781
211 511
211 639
211 734
212 467
212 519
212 585
213 278
213 388
213 600
213 696
213 726
214 322
214 608
215 473
215 620
215 726
216 429
216 434
216 492
216 726
217 218
217 335
218 229
218 644
218 737
219 251
219 285
219 328
219 577
219 600
219 690
220 302
220 523
220 639
220 688
220 701
220 721
220 724
221 314
221 340
221 559
222 374
222 419
223 369
223 380
223 575
223 725
224 478
224 537
224 551
225 522
225 711
226 252
226 354
226 589
226 660
226 731
227 242
227 272
227 296
227 452
227 494
227 561
227 568
227 721
228 341
228 455
228 510
228 616
229 793
229 796
230 242
230 396
230 429
230 561
231 401
231 493
231 509
232 237
232 246
232 330
232 364
232 562
232 730
232 759
233 413
233 727
234 286
234 311
234 388
234 487
234 529
235 446
235 505
235 538
235 624
235 634
235 678
236 258
236 383
236 390
236 450
236 468
237 467
237 626
237 642
237 692
237 712
238 331
238 482
238 729
238 764
238 775
238 789
239 247
239 419
239 429
239 519
239 610
239 637
240 354
240 361
240 418
240 558
240 639
240 667
241 696
241 759
242 330
242 375
242 633
242 662
243 300
243 452
244 251
244 262
244 413
244 559
244 575
244 599
244 790
245 304
245 648
245 777
246 538
246 791
246 794
247 347
247 436
247 582
247 748
248 251
248 260
248 279
248 378
248 411
248 471
248 596
249 503
249 571
249 661
250 363
250 585
251 333
251 424
251 608
252 350
252 566
253 428
253 745
254 345
254 492
254 510
254 596
254 689
255 303
255 651
256 289
256 400
256 474
257 580
257 621
257 694
258 264
258 396
258 473
258 611
259 591
259 634
260 318
260 326
261 284
261 395
261 463
261 752
261 770
261 796
262 272
262 344
262 551
262 717
262 751
263 415
263 541
263 674
263 737
263 741
264 756
265 408
265 446
265 451
265 556
265 675
265 703
266 437
266 486
266 507
266 785
267 380
267 516
267 748
267 756
267 771
268 281
268 309
268 332
268 402
268 467
268 572
268 737
269 307
269 631
269 689
270 518
270 673
270 779
272 293
272 543
273 436
274 297
274 487
274 506
274 661
274 699
274 703
274 799
275 339
275 395
275 461
275 574
275 623
276 566
276 782
276 784
277 773
278 462
278 623
278 663
278 680
278 685
279 325
279 482
279 648
279 653
279 662
279 733
280 320
280 611
280 728
281 355
281 372
281 444
281 599
281 615
281 680
281 772
282 483
282 485
282 601
282 691
282 754
283 319
283 333
283 379
283 418
283 433
283 481
283 670
284 306
284 447
284 481
284 767
285 318
285 377
285 727
285 732
286 289
286 486
286 552
286 778
287 347
287 493
287 563
288 429
288 532
288 539
288 543
288 561
288 710
288 772
289 334
289 344
289 389
289 463
290 324
290 331
290 532
291 457
291 598
292 524
292 717
293 531
294 465
294 536
295 760
295 762
296 360
296 549
296 658
297 362
297 382
297 524
297 583
298 308
298 484
298 666
298 711
298 718
299 514
299 526
299 576
299 766
300 383
300 384
301 360
301 406
301 445
301 538
301 589
301 614
301 626
302 777
303 467
303 580
303 688
303 799
304 376
304 397
304 451
305 310
305 363
305 438
305 515
305 571
305 616
305 718
305 747
306 440
306 455
306 558
306 596
306 708
307 310
307 613
307 697
307 791
308 323
308 404
308 440
308 617
308 633
308 726
309 440
309 486
309 733
310 561
310 712
311 395
311 522
311 551
311 670
311 750
311 780
312 436
312 489
312 590
312 697
312 752
313 444
313 473
314 435
314 440
314 484
315 318
315 650
315 698
315 740
315 796
316 535
316 537
316 580
316 622
317 621
317 622
317 642
317 744
318 401
318 460
318 614
318 665
319 553
319 633
319 786
320 347
320 389
320 459
320 538
320 590
320 795
321 545
321 555
321 630
321 664
321 748
322 431
322 531
322 709
322 731
322 736
323 552
323 560
323 640
324 470
324 580
324 588
326 629
326 672
327 557
327 794
328 575
328 785
329 691
330 423
330 506
330 706
331 583
331 648
331 739
331 761
332 419
332 458
333 646
333 760
334 367
334 428
334 667
334 759
335 358
335 437
335 490
335 582
335 584
335 606
335 619
337 518
337 712
338 407
338 501
338 727
339 551
339 554
339 577
339 598
339 600
339 750
341 440
341 644
341 701
341 734
341 762
341 776
342 412
342 467
342 468
342 515
342 578
342 639
343 659
343 669
343 693
344 393
344 514
344 670
344 673
344 784
344 791
345 407
345 425
345 472
345 481
345 495
345 735
345 793
346 500
346 638
346 640
346 750
347 357
347 404
347 441
347 741
347 785
348 411
348 503
348 608
348 719
348 789
349 387
349 692
349 732
349 738
350 558
350 707
351 373
351 617
351 657
352 357
352 474
352 486
352 783
353 735
354 464
354 680
355 371
355 554
355 658
355 697
355 766
356 611
357 407
357 624
357 775
357 777
358 387
358 392
358 491
358 561
358 675
359 539
359 692
359 780
360 393
360 438
360 582
360 603
360 751
361 363
361 396
361 597
361 791
362 419
362 610
362 644
362 747
363 491
363 605
363 799
364 449
364 515
364 662
364 670
364 734
365 387
365 402
365 567
365 789
365 791
366 612
366 692
366 769
367 412
367 526
368 419
368 460
368 485
368 500
368 515
368 516
368 597
368 640
369 514
369 556
370 602
370 678
371 456
372 698
373 549
374 750
375 434
375 477
375 487
375 500
375 626
375 686
376 429
376 506
376 510
376 588
377 417
377 612
377 735
377 743
378 419
378 451
379 496
379 534
380 479
380 512
380 585
380 601
380 687
380 691
380 696
381 596
381 687
381 794
382 796
383 481
383 619
384 388
384 510
384 769
385 431
385 478
385 742
386 557
386 783
387 415
387 621
387 626
387 687
387 696
388 502
388 776
388 797
389 415
389 634
390 664
390 667
390 725
391 522
391 553
391 619
391 740
391 743
392 407
392 442
392 613
393 439
393 515
393 547
393 630
394 546
394 706
395 659
395 660
395 755
396 547
396 595
397 523
397 619
397 636
398 674
398 679
400 419
400 460
400 603
400 613
400 645
401 410
401 604
401 622
401 688
401 774
402 492
402 651
402 732
402 786
403 433
403 529
403 574
403 619
403 703
404 420
404 481
404 536
405 499
405 609
405 610
406 710
407 433
407 498
407 555
407 581
408 484
408 626
408 666
409 507
409 764
410 444
410 506
410 590
410 643
410 668
411 452
411 581
411 668
411 691
412 526
413 699
414 642
416 703
416 751
417 435
417 457
417 567
417 641
417 722
417 741
418 511
419 447
419 522
419 591
419 766
421 580
421 632
421 686
421 751
422 578
422 641
423 621
423 687
424 475
424 476
424 530
424 551
425 656
425 704
426 431
426 435
426 440
426 704
427 476
427 561
427 739
428 542
428 781
429 440
429 647
430 494
431 509
431 526
431 713
432 474
432 554
432 639
432 661
432 707
433 468
433 472
433 725
434 505
434 587
434 657
434 658
434 708
435 671
435 791
436 500
436 554
436 565
436 573
436 636
437 706
438 662
440 775
441 507
441 608
441 796
442 548
442 679
442 765
443 454
443 461
443 476
443 617
443 668
443 680
443 750
444 485
444 590
444 755
445 512
445 587
445 625
445 687
446 497
446 600
446 716
446 765
447 508
447 736
448 560
448 598
448 699
448 737
449 644
449 677
449 764
450 581
450 585
450 761
451 532
451 574
451 663
451 715
451 767
452 766
453 460
453 519
453 659
453 703
454 547
454 564
455 586
455 593
455 628
455 654
456 476
456 684
457 633
458 525
458 614
458 727
459 587
459 604
461 557
461 581
461 642
461 646
461 679
462 588
462 655
462 745
463 540
463 653
463 688
463 710
464 560
464 739
464 774
465 468
465 670
466 580
466 613
466 784
467 494
467 506
467 593
467 614
468 530
468 558
468 658
469 553
469 587
469 594
469 652
470 564
470 609
470 652
470 761
471 562
471 702
472 595
472 634
473 497
473 677
474 742
475 556
476 549
476 658
476 720
477 647
477 760
478 602
478 663
478 734
479 497
479 721
480 593
480 709
480 743
480 774
481 548
481 636
481 732
482 512
482 513
482 648
482 738
483 530
484 539
485 505
485 552
485 674
486 579
486 586
486 711
487 538
488 491
488 499
488 598
488 746
489 716
492 516
492 619
492 744
493 534
493 624
493 662
493 701
494 557
494 724
495 574
496 602
496 629
497 499
497 629
497 718
497 725
497 727
497 792
498 526
498 573
499 580
499 774
500 710
500 744
501 539
501 546
501 558
501 698
502 652
503 613
503 747
504 623
505 546
505 573
505 616
506 508
506 520
506 641
506 776
508 654
508 702
508 709
509 598
509 781
510 552
510 647
511 610
511 743
512 756
512 792
514 543
514 675
515 695
515 784
516 560
516 622
516 781
517 609
517 691
517 745
518 753
520 797
521 623
523 655
523 751
525 687
525 700
526 622
526 628
526 664
526 694
526 745
526 777
527 748
528 572
529 675
529 737
529 761
530 608
531 659
531 673
531 747
533 648
533 655
533 794
534 553
535 700
535 750
535 794
536 670
536 754
536 767
537 609
537 750
538 626
539 543
539 569
539 602
540 786
541 644
541 755
542 615
543 570
543 675
545 618
546 633
546 699
547 710
548 635
548 652
548 655
548 775
549 610
549 700
550 690
551 648
551 684
551 717
551 784
552 716
553 588
553 740
554 655
554 711
554 715
554 770
556 766
559 796
560 633
561 591
561 618
562 685
563 565
563 713
564 634
565 615
565 655
567 739
568 757
568 761
569 627
569 755
569 780
570 576
570 587
572 739
572 748
573 666
573 785
574 656
574 658
574 752
575 739
576 790
577 643
577 659
577 679
579 700
579 719
580 636
580 652
581 794
582 628
582 764
582 777
582 797
583 679
583 768
583 782
584 755
586 690
586 750
586 787
587 782
588 755
590 603
590 633
591 599
591 727
591 735
592 683
592 723
592 755
593 613
593 649
593 784
593 793
595 752
596 684
597 648
597 664
597 737
597 751
598 629
598 657
599 742
600 650
600 655
601 652
601 676
602 695
603 621
604 682
604 714
605 661
606 728
607 705
608 643
609 615
609 737
610 786
610 794
611 721
611 723
611 763
613 651
613 656
614 644
615 716
616 786
617 718
617 758
618 684
618 744
619 775
620 676
620 711
621 727
621 747
622 706
623 761
624 651
624 695
624 788
625 708
625 783
628 749
629 713
629 751
631 753
632 678
632 690
632 703
633 770
634 641
634 647
634 672
634 684
635 721
637 701
638 663
638 774
640 668
642 660
642 742
643 718
644 653
644 665
644 735
644 749
645 776
647 718
647 793
648 705
648 713
650 710
650 718
651 762
654 739
655 770
657 726
657 780
657 786
659 698
660 758
660 781
662 727
663 687
663 705
664 701
664 735
666 674
668 687
671 693
671 757
672 719
674 707
674 749
675 742
675 749
676 679
676 746
678 684
678 782
679 702
679 797
680 749
682 702
682 723
682 779
683 785
685 765
686 692
687 744
688 709
692 703
692 780
697 719
697 784
699 725
699 789
701 737
703 759
705 713
707 710
707 786
711 738
712 756
714 766
714 770
714 783
715 781
716 769
723 727
723 733
725 732
727 740
727 757
731 734
737 740
740 746
740 789
743 783
745 785
752 757
753 773
754 790
757 765
758 793
759 778
760 773
762 777
764 782
767 777
771 795
773 784
779 792
779 794
780 796
784 790
800 282
800 801
800 802
800 803
801 396
801 802
801 803
802 611
802 803
803 784
