64 236
0 1
0 2
0 3
0 4
0 5
0 6
0 7
0 8
0 9
0 10
0 11
0 12
0 13
0 14
0 15
0 16
0 17
0 18
0 19
0 20
0 21
0 22
0 23
0 24
0 25
0 26
0 27
0 28
0 29
0 30
0 31
0 32
0 33
0 34
0 35
0 36
0 37
0 38
0 39
0 40
0 41
0 42
0 43
0 44
0 45
0 46
0 47
0 48
0 49
0 50
0 51
0 52
0 53
0 54
0 55
0 56
0 57
0 58
0 59
1 20
1 27
1 34
1 38
2 11
2 50
2 59
3 18
3 23
3 30
3 36
4 5
4 21
4 26
4 35
4 52
5 6
5 20
5 23
5 26
5 29
5 39
5 46
5 47
5 48
6 18
6 22
6 28
6 32
6 47
7 8
7 24
7 27
7 28
7 33
7 50
7 51
7 56
8 16
8 36
8 40
8 51
9 10
9 19
9 22
9 35
9 49
9 52
10 14
10 15
10 32
10 43
10 48
11 14
11 22
11 27
11 36
11 43
11 57
12 15
12 21
12 23
12 26
12 29
12 45
12 46
12 50
13 29
13 41
13 43
13 52
13 54
14 18
14 20
14 44
14 52
14 53
14 57
15 20
15 22
15 25
15 41
15 48
16 21
16 26
16 49
16 57
18 29
18 30
18 31
18 50
19 23
19 30
19 34
19 36
19 48
19 50
20 42
20 44
20 49
20 58
21 29
21 33
22 29
22 49
22 51
22 55
23 45
23 46
23 52
24 27
24 31
24 40
24 46
24 48
24 59
25 47
25 52
26 27
26 36
26 51
27 29
27 35
28 42
28 53
28 54
29 41
29 51
30 35
30 42
31 33
31 50
31 54
31 59
32 35
32 50
32 53
33 47
34 36
34 37
34 50
35 59
36 43
36 58
37 59
39 41
39 53
39 57
40 41
40 53
42 46
42 47
43 45
43 48
43 52
43 53
44 45
45 55
48 54
49 57
50 56
51 57
53 57
54 59
55 57
56 57
58 59
60 23
60 61
60 62
60 63
61 20
61 62
61 63
62 55
62 63
63 26
