1004 3999
0 1
0 2
0 3
0 4
0 5
0 6
0 7
0 8
0 9
0 10
0 11
0 12
0 13
0 14
0 15
0 16
0 17
0 18
0 19
0 20
0 21
0 22
0 23
0 24
0 25
0 26
0 27
0 28
0 29
0 30
0 31
0 32
0 33
0 34
0 35
0 36
0 37
0 38
0 39
0 40
0 41
0 42
0 43
0 44
0 45
0 46
0 47
0 48
0 49
0 50
0 51
0 52
0 53
0 54
0 55
0 56
0 57
0 58
0 59
0 60
0 61
0 62
0 63
0 64
0 65
0 66
0 67
0 68
0 69
0 70
0 71
0 72
0 73
0 74
0 75
0 76
0 77
0 78
0 79
0 80
0 81
0 82
0 83
0 84
0 85
0 86
0 87
0 88
0 89
0 90
0 91
0 92
0 93
0 94
0 95
0 96
0 97
0 98
0 99
0 100
0 101
0 102
0 103
0 104
0 105
0 106
0 107
0 108
0 109
0 110
0 111
0 112
0 113
0 114
0 115
0 116
0 117
0 118
0 119
0 120
0 121
0 122
0 123
0 124
0 125
0 126
0 127
0 128
0 129
0 130
0 131
0 132
0 133
0 134
0 135
0 136
0 137
0 138
0 139
0 140
0 141
0 142
0 143
0 144
0 145
0 146
0 147
0 148
0 149
0 150
0 151
0 152
0 153
0 154
0 155
0 156
0 157
0 158
0 159
0 160
0 161
0 162
0 163
0 164
0 165
0 166
0 167
0 168
0 169
0 170
0 171
0 172
0 173
0 174
0 175
0 176
0 177
0 178
0 179
0 180
0 181
0 182
0 183
0 184
0 185
0 186
0 187
0 188
0 189
0 190
0 191
0 192
0 193
0 194
0 195
0 196
0 197
0 198
0 199
0 200
0 201
0 202
0 203
0 204
0 205
0 206
0 207
0 208
0 209
0 210
0 211
0 212
0 213
0 214
0 215
0 216
0 217
0 218
0 219
0 220
0 221
0 222
0 223
0 224
0 225
0 226
0 227
0 228
0 229
0 230
0 231
0 232
0 233
0 234
0 235
0 236
0 237
0 238
0 239
0 240
0 241
0 242
0 243
0 244
0 245
0 246
0 247
0 248
0 249
0 250
0 251
0 252
0 253
0 254
0 255
0 256
0 257
0 258
0 259
0 260
0 261
0 262
0 263
0 264
0 265
0 266
0 267
0 268
0 269
0 270
0 271
0 272
0 273
0 274
0 275
0 276
0 277
0 278
0 279
0 280
0 281
0 282
0 283
0 284
0 285
0 286
0 287
0 288
0 289
0 290
0 291
0 292
0 293
0 294
0 295
0 296
0 297
0 298
0 299
0 300
0 301
0 302
0 303
0 304
0 305
0 306
0 307
0 308
0 309
0 310
0 311
0 312
0 313
0 314
0 315
0 316
0 317
0 318
0 319
0 320
0 321
0 322
0 323
0 324
0 325
0 326
0 327
0 328
0 329
0 330
0 331
0 332
0 333
0 334
0 335
0 336
0 337
0 338
0 339
0 340
0 341
0 342
0 343
0 344
0 345
0 346
0 347
0 348
0 349
0 350
0 351
0 352
0 353
0 354
0 355
0 356
0 357
0 358
0 359
0 360
0 361
0 362
0 363
0 364
0 365
0 366
0 367
0 368
0 369
0 370
0 371
0 372
0 373
0 374
0 375
0 376
0 377
0 378
0 379
0 380
0 381
0 382
0 383
0 384
0 385
0 386
0 387
0 388
0 389
0 390
0 391
0 392
0 393
0 394
0 395
0 396
0 397
0 398
0 399
0 400
0 401
0 402
0 403
0 404
0 405
0 406
0 407
0 408
0 409
0 410
0 411
0 412
0 413
0 414
0 415
0 416
0 417
0 418
0 419
0 420
0 421
0 422
0 423
0 424
0 425
0 426
0 427
0 428
0 429
0 430
0 431
0 432
0 433
0 434
0 435
0 436
0 437
0 438
0 439
0 440
0 441
0 442
0 443
0 444
0 445
0 446
0 447
0 448
0 449
0 450
0 451
0 452
0 453
0 454
0 455
0 456
0 457
0 458
0 459
0 460
0 461
0 462
0 463
0 464
0 465
0 466
0 467
0 468
0 469
0 470
0 471
0 472
0 473
0 474
0 475
0 476
0 477
0 478
0 479
0 480
0 481
0 482
0 483
0 484
0 485
0 486
0 487
0 488
0 489
0 490
0 491
0 492
0 493
0 494
0 495
0 496
0 497
0 498
0 499
0 500
0 501
0 502
0 503
0 504
0 505
0 506
0 507
0 508
0 509
0 510
0 511
0 512
0 513
0 514
0 515
0 516
0 517
0 518
0 519
0 520
0 521
0 522
0 523
0 524
0 525
0 526
0 527
0 528
0 529
0 530
0 531
0 532
0 533
0 534
0 535
0 536
0 537
0 538
0 539
0 540
0 541
0 542
0 543
0 544
0 545
0 546
0 547
0 548
0 549
0 550
0 551
0 552
0 553
0 554
0 555
0 556
0 557
0 558
0 559
0 560
0 561
0 562
0 563
0 564
0 565
0 566
0 567
0 568
0 569
0 570
0 571
0 572
0 573
0 574
0 575
0 576
0 577
0 578
0 579
0 580
0 581
0 582
0 583
0 584
0 585
0 586
0 587
0 588
0 589
0 590
0 591
0 592
0 593
0 594
0 595
0 596
0 597
0 598
0 599
0 600
0 601
0 602
0 603
0 604
0 605
0 606
0 607
0 608
0 609
0 610
0 611
0 612
0 613
0 614
0 615
0 616
0 617
0 618
0 619
0 620
0 621
0 622
0 623
0 624
0 625
0 626
0 627
0 628
0 629
0 630
0 631
0 632
0 633
0 634
0 635
0 636
0 637
0 638
0 639
0 640
0 641
0 642
0 643
0 644
0 645
0 646
0 647
0 648
0 649
0 650
0 651
0 652
0 653
0 654
0 655
0 656
0 657
0 658
0 659
0 660
0 661
0 662
0 663
0 664
0 665
0 666
0 667
0 668
0 669
0 670
0 671
0 672
0 673
0 674
0 675
0 676
0 677
0 678
0 679
0 680
0 681
0 682
0 683
0 684
0 685
0 686
0 687
0 688
0 689
0 690
0 691
0 692
0 693
0 694
0 695
0 696
0 697
0 698
0 699
0 700
0 701
0 702
0 703
0 704
0 705
0 706
0 707
0 708
0 709
0 710
0 711
0 712
0 713
0 714
0 715
0 716
0 717
0 718
0 719
0 720
0 721
0 722
0 723
0 724
0 725
0 726
0 727
0 728
0 729
0 730
0 731
0 732
0 733
0 734
0 735
0 736
0 737
0 738
0 739
0 740
0 741
0 742
0 743
0 744
0 745
0 746
0 747
0 748
0 749
0 750
0 751
0 752
0 753
0 754
0 755
0 756
0 757
0 758
0 759
0 760
0 761
0 762
0 763
0 764
0 765
0 766
0 767
0 768
0 769
0 770
0 771
0 772
0 773
0 774
0 775
0 776
0 777
0 778
0 779
0 780
0 781
0 782
0 783
0 784
0 785
0 786
0 787
0 788
0 789
0 790
0 791
0 792
0 793
0 794
0 795
0 796
0 797
0 798
0 799
0 800
0 801
0 802
0 803
0 804
0 805
0 806
0 807
0 808
0 809
0 810
0 811
0 812
0 813
0 814
0 815
0 816
0 817
0 818
0 819
0 820
0 821
0 822
0 823
0 824
0 825
0 826
0 827
0 828
0 829
0 830
0 831
0 832
0 833
0 834
0 835
0 836
0 837
0 838
0 839
0 840
0 841
0 842
0 843
0 844
0 845
0 846
0 847
0 848
0 849
0 850
0 851
0 852
0 853
0 854
0 855
0 856
0 857
0 858
0 859
0 860
0 861
0 862
0 863
0 864
0 865
0 866
0 867
0 868
0 869
0 870
0 871
0 872
0 873
0 874
0 875
0 876
0 877
0 878
0 879
0 880
0 881
0 882
0 883
0 884
0 885
0 886
0 887
0 888
0 889
0 890
0 891
0 892
0 893
0 894
0 895
0 896
0 897
0 898
0 899
0 900
0 901
0 902
0 903
0 904
0 905
0 906
0 907
0 908
0 909
0 910
0 911
0 912
0 913
0 914
0 915
0 916
0 917
0 918
0 919
0 920
0 921
0 922
0 923
0 924
0 925
0 926
0 927
0 928
0 929
0 930
0 931
0 932
0 933
0 934
0 935
0 936
0 937
0 938
0 939
0 940
0 941
0 942
0 943
0 944
0 945
0 946
0 947
0 948
0 949
0 950
0 951
0 952
0 953
0 954
0 955
0 956
0 957
0 958
0 959
0 960
0 961
0 962
0 963
0 964
0 965
0 966
0 967
0 968
0 969
0 970
0 971
0 972
0 973
0 974
0 975
0 976
0 977
0 978
0 979
0 980
0 981
0 982
0 983
0 984
0 985
0 986
0 987
0 988
0 989
0 990
0 991
0 992
0 993
0 994
0 995
0 996
0 997
0 998
0 999
1 799
1 832
1 896
2 70
2 829
2 835
2 927
2 969
3 152
3 198
3 336
3 358
3 718
4 299
4 311
4 360
4 904
4 973
5 240
5 566
5 614
5 671
5 918
5 994
6 168
6 179
6 803
7 38
7 89
7 109
7 323
7 559
7 602
7 733
7 816
8 507
8 534
8 681
8 865
9 743
10 92
10 777
10 917
11 222
11 458
11 483
11 521
11 560
11 690
11 909
12 219
12 510
12 567
12 957
13 83
13 101
13 127
13 131
13 214
13 242
13 677
13 836
13 945
13 989
14 937
15 77
15 153
15 435
15 513
15 705
16 448
16 660
16 950
17 23
17 269
17 517
17 539
17 577
17 973
18 223
18 225
18 518
18 693
18 716
18 762
19 119
19 434
19 524
19 926
20 174
20 359
20 368
20 396
20 621
20 657
20 843
20 993
21 207
21 258
21 388
21 548
22 84
22 106
22 455
22 508
22 583
22 784
22 786
22 816
23 78
23 198
23 220
23 236
23 244
23 325
23 364
23 395
23 452
23 460
23 497
23 645
23 696
23 775
23 919
23 974
23 995
24 42
24 51
24 56
24 448
24 479
24 577
24 793
25 26
25 243
25 321
25 416
25 583
25 910
26 517
26 662
26 796
26 857
26 902
26 949
26 971
27 398
27 468
27 494
27 515
27 642
27 782
27 905
27 907
27 938
28 32
28 111
28 319
28 408
28 414
28 579
28 593
28 606
28 703
28 776
28 878
28 901
29 223
29 611
29 948
30 32
30 55
30 372
30 460
30 601
30 747
30 858
30 955
31 225
31 398
31 588
31 628
31 666
31 866
31 988
32 45
32 117
32 177
32 459
32 537
32 595
32 697
32 781
32 950
33 532
33 771
33 857
34 413
34 420
34 524
34 558
34 946
34 956
35 179
35 546
35 949
36 58
36 144
36 145
36 203
36 209
36 365
36 372
36 800
36 833
36 868
37 67
37 143
37 727
37 854
38 373
38 567
38 783
38 812
38 835
38 872
38 986
39 184
39 203
39 305
39 476
39 657
39 675
39 846
39 926
39 932
39 955
39 979
40 193
40 262
40 646
40 767
41 82
41 263
41 621
41 749
41 856
42 164
42 865
42 880
42 983
43 153
43 231
43 247
43 326
43 374
43 382
43 421
43 709
43 721
43 822
43 938
44 119
44 297
44 433
44 438
44 572
44 687
44 727
44 941
44 945
44 951
45 232
45 443
45 624
45 662
45 712
45 853
45 973
46 80
46 193
46 319
46 428
46 510
46 603
46 614
46 825
46 836
46 877
47 110
47 159
47 558
47 933
48 205
48 243
48 506
48 859
49 289
49 557
50 99
50 241
50 428
50 511
50 603
50 762
50 783
50 887
50 985
51 201
51 202
51 515
51 820
51 915
51 955
52 113
52 165
52 177
52 252
52 487
52 534
52 563
52 571
52 664
52 752
53 347
53 667
53 734
53 948
54 282
54 392
54 443
55 68
55 326
55 863
55 956
55 959
55 976
56 157
56 398
56 482
56 558
56 709
56 737
56 843
56 874
57 146
57 257
57 314
57 491
57 519
57 696
58 188
58 255
58 395
58 405
58 506
58 617
58 773
59 285
59 380
59 554
59 645
59 667
59 696
59 740
59 900
60 107
60 120
60 717
61 212
61 268
61 337
61 801
62 233
62 406
62 652
63 77
63 79
63 249
63 521
63 545
63 627
63 696
63 723
63 820
64 885
64 906
65 207
65 256
65 429
65 821
65 857
66 264
66 325
66 507
66 617
66 978
67 84
67 89
67 156
67 342
67 429
67 679
67 681
68 303
68 306
68 677
68 800
69 413
70 595
70 769
70 895
71 282
71 326
71 454
71 704
71 819
72 132
72 205
72 261
72 312
72 345
72 540
72 633
73 342
73 477
73 513
73 950
74 227
74 392
74 540
74 867
75 77
75 805
75 878
76 971
77 150
77 654
77 809
77 847
77 851
77 947
78 644
79 118
79 565
79 898
80 96
80 711
80 774
80 834
81 118
81 294
81 709
81 795
82 141
82 241
82 262
82 350
82 667
82 671
82 673
82 674
82 685
82 704
82 708
82 910
82 992
83 214
83 375
83 424
83 484
83 659
83 710
83 861
83 926
84 279
84 899
84 929
84 942
84 946
85 100
85 101
85 229
85 364
85 422
85 626
85 874
85 950
86 443
86 492
86 697
86 753
86 957
87 92
87 209
87 541
87 819
88 134
88 247
88 291
88 305
88 358
88 369
88 496
88 602
89 171
89 221
89 548
89 812
90 132
90 154
90 265
90 828
91 160
91 217
91 449
91 658
91 808
91 937
92 792
92 865
93 149
93 428
93 555
93 680
93 818
93 963
94 217
94 257
94 327
94 514
94 537
95 599
95 746
95 782
95 901
96 605
96 713
96 923
97 123
97 191
97 230
97 566
97 668
98 116
98 193
98 243
98 278
98 282
98 305
98 468
99 195
99 318
99 406
99 715
99 786
100 138
100 212
100 550
100 599
100 768
100 836
100 920
100 984
101 110
101 244
101 665
101 735
102 160
102 266
102 384
102 800
102 956
103 306
103 362
103 484
103 674
104 131
104 166
104 177
104 650
104 948
105 258
105 494
105 798
106 419
106 483
106 634
106 901
107 128
107 131
107 141
107 627
107 841
108 254
108 313
108 431
108 452
108 756
109 183
109 205
109 323
109 341
109 606
109 930
110 150
110 569
110 917
110 979
111 202
111 510
111 624
111 679
111 761
111 831
112 156
112 443
112 499
112 690
112 714
112 732
112 918
113 150
113 178
113 516
113 597
113 872
114 596
114 858
114 902
114 975
115 163
115 508
115 658
115 771
115 847
116 452
116 690
116 912
117 129
117 282
117 355
117 576
118 252
118 586
118 616
118 808
119 150
119 244
119 334
119 429
119 437
119 569
119 940
119 990
120 449
120 752
120 763
121 366
121 729
121 734
122 157
122 440
122 489
122 574
122 999
123 185
123 282
123 452
123 484
123 517
123 555
123 631
123 938
124 429
124 633
124 702
124 708
124 873
125 236
125 251
125 266
125 575
125 582
125 613
126 905
126 940
127 197
127 563
127 570
127 582
127 941
128 216
128 296
128 316
128 448
128 482
128 543
128 576
128 815
128 934
129 180
129 316
129 340
129 438
129 545
129 732
129 755
129 829
129 873
129 894
130 151
130 296
130 409
130 461
130 740
131 352
131 673
131 729
132 317
132 387
132 483
132 675
132 861
132 908
132 937
133 177
133 188
133 613
133 735
133 781
133 930
134 365
134 428
134 575
134 704
135 618
135 625
135 665
135 716
135 719
135 937
136 137
136 219
136 265
136 300
136 340
136 400
136 592
136 869
137 153
137 197
137 336
137 644
137 703
137 805
137 828
137 935
138 247
138 502
138 581
138 732
138 764
139 289
139 320
139 339
139 427
139 620
139 735
139 787
139 877
139 972
140 179
140 586
140 934
140 943
141 245
141 450
141 457
141 549
141 690
141 722
141 978
142 434
142 573
142 713
142 850
142 895
142 909
143 671
143 744
143 870
144 177
144 213
144 268
144 344
144 420
144 823
145 231
145 290
145 354
145 367
145 412
145 910
145 926
145 943
146 262
146 658
146 672
146 709
147 185
147 249
147 331
147 360
147 439
147 742
147 955
148 180
148 362
148 380
148 732
148 834
148 906
148 940
149 204
149 236
149 407
149 466
149 473
149 513
149 741
149 992
150 179
150 186
150 197
150 526
150 626
150 942
151 746
152 542
152 586
152 653
152 907
153 392
153 509
153 637
153 662
154 204
154 208
154 466
155 369
155 767
156 286
156 550
156 667
157 177
157 380
157 507
157 972
158 182
158 216
158 434
158 570
159 671
160 407
160 471
160 670
160 738
160 749
161 613
161 680
161 731
161 747
163 223
163 498
163 591
163 846
164 363
165 173
165 203
165 393
165 548
165 549
165 611
166 285
167 355
167 443
167 569
167 970
168 252
168 632
168 923
168 982
169 195
169 577
169 681
169 786
169 826
170 345
170 371
170 393
170 403
170 451
171 197
171 275
171 635
171 733
171 770
171 812
171 822
171 891
171 953
172 249
172 414
173 464
173 627
173 701
173 703
173 719
174 279
174 627
174 630
174 976
174 996
175 313
175 515
175 600
175 740
175 782
175 875
176 205
176 261
176 480
176 517
176 574
176 804
177 420
177 547
178 218
178 727
179 258
179 512
179 596
179 654
180 312
180 339
180 540
180 625
180 870
181 350
181 355
181 436
181 539
181 562
181 784
181 918
182 332
182 450
182 660
182 689
182 932
183 370
183 485
183 931
183 937
184 239
184 319
184 714
184 865
184 940
184 949
185 264
185 398
185 656
185 806
186 314
186 376
186 452
186 636
187 250
187 370
187 508
187 628
187 663
187 812
187 888
187 946
188 278
188 413
188 435
188 655
188 669
188 833
188 908
189 299
189 384
190 241
190 292
190 682
191 249
191 498
191 577
192 208
192 259
192 354
192 587
192 630
193 269
193 771
193 915
194 199
194 536
194 556
194 598
195 477
195 517
195 717
195 789
195 806
195 863
195 886
196 463
196 491
196 743
196 989
197 440
197 568
197 661
198 239
198 544
198 741
199 246
199 315
199 319
199 389
199 974
200 278
200 396
200 526
200 549
200 903
201 321
201 505
201 807
201 906
201 946
201 952
202 209
202 442
202 661
202 787
203 460
203 477
203 585
203 883
203 904
203 914
204 367
204 698
204 962
205 436
205 487
205 565
206 212
206 338
206 417
206 428
206 902
207 270
207 451
207 493
208 360
208 796
208 843
208 999
209 367
209 734
210 240
210 245
210 284
210 782
210 887
210 978
211 444
211 683
212 305
212 426
212 511
212 565
212 612
212 734
212 977
213 285
213 335
213 513
213 879
213 952
214 830
214 964
215 671
215 765
215 817
215 843
216 579
217 427
217 620
218 296
218 402
218 419
218 472
218 594
218 674
218 693
218 867
218 948
219 295
219 347
219 556
219 666
219 769
219 938
220 358
220 570
220 697
221 415
221 436
221 544
221 788
221 883
221 911
221 941
221 967
222 466
222 727
222 876
223 316
223 561
223 599
223 615
223 701
223 828
224 345
224 944
225 243
225 735
225 750
225 752
225 907
225 911
225 964
226 326
226 616
226 637
226 949
226 977
227 575
227 906
228 479
228 752
228 973
229 355
229 412
229 642
229 668
229 674
229 681
229 729
229 898
230 329
230 680
230 731
230 896
231 323
231 332
232 567
232 941
232 961
233 422
233 750
233 870
234 246
234 775
235 686
235 954
236 299
236 359
236 763
236 805
236 949
236 988
237 355
237 667
238 477
238 621
238 757
239 673
239 844
239 913
239 924
240 306
240 428
240 627
240 750
241 384
241 477
241 525
241 749
241 777
241 859
241 876
242 252
242 775
242 867
243 532
243 889
244 466
244 471
244 873
244 892
245 564
245 625
245 776
245 839
245 951
246 285
246 384
246 397
246 405
246 488
246 686
246 740
246 820
246 882
247 668
247 765
247 788
247 911
247 922
248 258
248 293
248 436
248 794
249 290
249 682
249 796
249 939
250 559
250 561
250 911
250 919
250 933
251 390
251 681
251 728
251 913
252 307
252 707
252 739
252 758
252 883
253 367
253 577
253 896
254 483
254 632
254 931
255 294
255 308
255 352
255 361
255 487
255 509
255 717
255 994
256 293
256 427
257 522
257 714
257 741
257 753
257 782
257 926
257 999
258 310
258 490
258 563
258 575
258 652
258 733
258 879
259 448
259 649
259 847
260 445
260 957
261 289
261 330
261 430
261 505
261 518
261 648
262 387
262 417
262 778
263 575
264 269
264 274
264 841
265 904
265 985
266 363
266 467
266 713
266 799
266 804
266 923
267 344
267 378
267 433
267 439
267 551
267 677
267 730
267 766
268 775
268 778
269 272
269 296
269 350
269 406
269 437
269 691
269 758
269 764
269 770
269 963
270 317
270 559
270 767
271 743
271 901
271 915
272 422
272 558
272 915
272 987
273 397
273 552
274 316
274 527
274 550
274 643
274 647
274 702
274 770
275 291
275 452
275 955
276 730
276 806
277 417
277 536
277 774
278 393
278 501
278 830
278 869
279 467
279 511
279 743
280 485
280 598
280 834
281 839
282 732
282 775
282 913
283 738
283 887
283 954
283 957
284 752
284 867
284 882
285 382
285 406
285 733
285 776
286 512
286 664
286 696
287 416
287 468
287 697
287 860
288 321
288 364
288 533
288 729
288 753
288 787
288 986
289 524
289 745
289 857
289 902
290 339
290 453
290 550
290 718
290 757
290 904
290 937
291 748
291 772
291 783
291 818
291 830
291 840
291 978
292 589
292 681
292 831
292 987
293 499
293 613
293 625
294 308
294 354
294 381
294 818
294 847
295 463
295 538
295 646
295 742
295 815
296 707
296 835
297 325
297 606
297 675
297 726
298 353
298 388
298 581
298 696
298 743
298 850
299 311
299 357
299 485
299 884
300 440
300 511
300 627
300 952
301 310
301 314
301 510
301 575
301 608
301 888
301 994
302 409
302 643
302 849
303 486
303 602
303 668
303 978
304 466
304 516
304 812
304 822
304 900
304 972
304 984
305 393
305 411
305 494
305 905
306 316
306 478
306 597
306 599
306 682
306 689
306 892
306 952
307 313
307 521
307 870
308 600
308 655
308 910
308 995
309 371
309 708
310 338
310 377
311 586
311 900
312 337
312 638
313 317
313 478
313 527
313 731
313 908
313 963
314 374
314 428
314 797
315 790
315 864
315 888
316 563
316 734
317 356
317 477
317 582
317 591
317 809
317 982
318 566
318 626
318 803
318 812
318 813
318 951
319 324
319 456
319 630
319 832
319 878
319 900
319 922
319 967
319 972
320 356
320 508
320 545
320 863
320 940
321 819
322 602
322 728
322 859
322 914
322 942
323 541
323 884
324 420
324 431
324 594
324 595
324 620
324 857
325 439
325 514
325 744
325 762
326 535
326 943
327 349
327 439
327 514
327 783
327 925
327 976
328 341
328 505
328 601
328 678
328 947
329 400
329 428
329 474
329 527
329 547
329 734
329 799
329 885
330 500
330 540
330 609
330 695
330 752
331 424
331 430
331 446
331 815
331 816
332 721
332 905
332 949
333 357
333 529
333 890
333 916
333 978
334 404
334 694
334 823
334 835
335 377
335 469
335 688
335 740
335 773
336 705
336 766
337 864
337 869
337 933
338 384
338 515
338 803
338 904
338 907
338 916
339 908
339 949
340 544
340 806
340 944
340 947
340 997
342 383
342 459
342 722
343 459
343 634
343 737
343 784
344 597
344 651
344 655
344 797
345 549
345 827
346 501
346 731
346 877
346 956
347 457
347 555
347 577
347 637
347 811
347 915
347 939
347 951
348 495
348 599
348 721
348 965
348 981
349 358
349 412
349 773
350 876
350 884
350 938
351 359
351 434
351 630
352 435
352 557
352 891
353 430
353 551
353 605
353 630
353 667
353 761
353 934
354 359
354 911
355 503
356 371
356 391
356 686
357 414
357 962
357 998
358 440
358 616
358 810
358 854
358 887
359 477
359 516
359 537
359 567
359 629
359 712
359 950
360 426
360 582
360 607
360 656
360 680
360 744
360 746
360 898
360 957
362 495
362 509
362 910
363 405
363 436
363 530
363 569
363 579
363 580
363 600
363 795
363 832
363 908
363 944
364 418
364 787
364 821
364 891
365 631
365 636
365 918
366 468
366 475
366 520
366 979
366 986
367 495
367 633
367 750
368 491
368 631
369 377
369 675
369 730
369 812
369 843
370 588
370 607
370 697
370 784
371 548
371 725
371 756
371 862
371 883
371 901
371 902
372 466
372 473
372 511
372 557
372 627
372 735
372 840
372 869
373 413
373 571
373 582
373 630
373 663
373 765
373 886
373 994
374 399
374 400
374 547
374 582
375 402
375 527
375 611
375 863
375 933
376 527
376 551
376 585
376 640
376 917
376 932
376 951
377 434
377 866
378 610
378 611
378 895
379 503
379 695
379 775
379 901
380 507
380 512
380 536
380 690
380 874
382 516
382 528
382 594
382 630
382 632
383 416
383 445
383 564
383 896
383 916
384 392
384 540
384 621
384 741
384 779
385 593
385 627
385 687
385 850
385 952
385 956
386 390
386 751
386 896
387 517
387 830
387 872
387 887
387 995
389 476
389 598
389 646
390 603
390 679
390 722
390 778
390 789
391 513
391 654
391 690
392 424
392 455
392 501
392 507
392 667
392 785
392 870
393 412
393 855
394 408
394 693
394 715
394 758
395 681
395 797
396 696
396 715
396 784
396 896
397 575
397 628
397 638
397 739
397 803
397 844
397 968
398 498
398 593
398 760
399 640
399 704
400 492
400 609
400 635
401 498
401 524
402 451
402 815
402 963
403 411
403 424
403 578
403 843
404 432
404 610
404 677
404 786
404 812
405 600
405 718
405 800
405 822
405 825
405 843
406 582
406 863
406 872
407 629
408 794
408 826
409 527
409 607
409 678
409 718
409 831
409 954
409 955
410 503
410 670
410 686
410 905
410 914
411 494
411 563
411 840
411 984
412 943
413 468
413 519
413 741
414 488
414 643
415 513
415 984
415 991
416 549
416 583
416 699
416 838
417 526
417 707
417 846
418 864
418 904
419 486
419 837
420 817
420 967
421 506
421 724
421 819
421 955
422 949
423 435
423 604
424 615
424 640
424 682
424 768
424 815
424 936
424 947
425 457
425 461
425 575
425 591
425 902
426 689
427 551
428 545
428 593
428 726
428 740
428 771
428 976
429 799
430 483
430 612
430 646
430 691
430 720
430 771
430 841
430 849
431 639
431 891
432 454
432 665
432 699
432 713
432 795
432 831
432 983
433 550
433 702
433 837
434 515
435 483
435 604
435 617
435 906
436 443
436 449
436 457
436 994
437 532
437 599
437 627
437 836
438 565
439 507
439 525
439 557
439 681
440 561
440 587
440 763
440 828
441 934
442 525
442 682
442 728
442 843
442 890
443 450
443 638
443 965
443 972
444 501
444 509
444 553
444 600
444 627
445 785
446 477
446 656
446 772
446 870
446 986
447 556
447 643
447 982
448 592
448 674
449 470
449 528
449 561
449 587
450 548
450 957
450 998
451 752
452 499
452 956
454 459
454 493
455 561
456 475
456 529
456 832
456 873
457 745
457 917
457 973
458 710
458 747
458 752
458 890
459 663
459 887
460 547
460 953
461 561
461 663
461 694
461 889
461 893
461 909
462 484
462 573
462 782
462 798
462 814
463 473
463 921
464 543
465 653
465 679
465 724
465 877
465 994
466 531
466 658
466 815
467 472
467 709
467 711
467 777
468 536
468 542
468 545
468 665
468 694
469 730
469 814
469 849
469 955
470 706
470 741
470 902
470 929
471 589
471 971
471 995
472 481
472 505
472 767
473 526
473 546
473 731
473 886
475 534
475 656
475 658
475 718
475 840
475 872
475 978
476 632
476 659
476 678
476 902
477 548
477 705
478 570
478 579
478 757
478 929
479 646
480 670
480 880
480 971
481 845
481 853
481 899
482 967
483 535
483 680
484 493
484 674
484 761
484 874
485 547
485 681
486 619
486 672
486 769
486 777
487 923
487 936
487 953
488 543
488 862
488 871
489 563
489 659
489 806
490 606
491 647
491 896
492 622
492 655
492 961
493 627
493 688
493 927
493 947
493 962
494 568
494 658
494 676
494 810
495 633
495 834
496 731
496 808
496 979
497 524
497 613
497 624
497 980
498 812
498 831
498 838
499 779
500 570
500 671
500 805
501 697
501 780
501 995
502 963
503 577
503 682
503 741
503 785
504 535
504 579
504 800
504 852
505 664
505 713
505 737
505 764
505 775
505 780
505 900
505 943
506 533
506 723
506 768
506 890
506 998
507 553
507 870
508 587
508 600
508 772
509 774
509 877
509 972
510 640
510 653
510 692
510 741
510 778
510 824
511 635
511 719
511 789
511 841
511 882
512 774
513 879
514 835
516 599
516 651
516 728
516 752
516 916
518 681
518 690
518 811
519 573
519 587
519 617
519 619
519 686
519 689
519 827
519 967
520 630
520 635
520 636
521 801
521 957
522 610
522 712
522 751
522 855
522 997
523 560
523 619
523 784
523 834
523 993
524 798
525 526
525 647
525 666
525 920
525 955
526 660
526 703
526 848
526 986
527 896
528 615
528 947
529 532
529 719
530 687
530 722
531 601
531 731
531 822
531 917
532 555
532 839
533 551
533 614
533 672
533 819
533 891
534 734
534 748
535 598
535 614
535 615
535 685
535 740
535 774
535 775
535 908
536 592
536 976
537 796
537 857
537 964
538 585
538 642
539 551
539 572
539 648
539 679
539 835
539 888
540 609
540 731
540 749
541 614
541 617
541 901
542 605
542 664
542 682
542 735
543 622
543 725
543 847
543 988
545 613
545 967
546 583
546 827
547 614
547 837
548 600
549 656
550 621
550 649
550 765
550 800
550 878
550 945
551 585
551 594
551 866
551 906
551 940
551 964
552 898
553 730
553 920
554 848
554 980
554 996
555 700
555 731
555 962
556 623
557 850
557 923
558 656
558 661
558 706
558 748
558 780
558 971
559 752
559 807
560 745
561 816
561 886
562 781
563 581
563 621
563 622
563 700
563 719
563 770
564 740
564 754
564 760
564 762
566 782
566 814
566 852
567 753
567 866
567 892
568 832
568 870
569 673
570 615
571 586
571 747
571 811
571 968
572 592
572 903
573 579
573 620
573 655
573 740
573 829
573 853
573 943
574 918
575 688
575 909
576 855
576 925
577 616
577 686
577 797
578 648
578 918
578 972
579 757
579 897
580 584
580 667
580 768
580 912
581 681
581 764
581 828
581 831
582 589
582 670
582 677
582 869
583 621
583 638
583 647
583 923
584 630
584 713
585 742
585 851
585 964
586 940
587 858
588 690
588 702
588 819
588 992
589 745
589 789
590 656
590 936
591 679
591 699
592 670
592 694
592 722
592 807
592 862
592 938
593 645
594 980
595 702
595 742
595 799
596 701
596 719
596 793
596 934
597 654
597 962
598 621
599 686
599 691
599 765
599 898
600 677
600 838
600 845
601 759
601 812
601 842
602 688
602 782
602 902
603 811
603 940
604 636
604 707
604 895
605 612
605 757
605 776
605 978
606 737
606 900
606 975
607 627
607 805
607 981
607 999
608 780
609 677
609 948
610 657
610 711
610 823
610 941
611 705
611 875
612 708
613 906
613 933
613 965
614 801
614 860
614 945
614 971
615 888
615 944
616 655
616 832
617 729
617 741
617 767
617 874
618 629
618 671
618 782
618 789
620 674
620 790
620 848
622 757
622 960
622 969
623 929
623 980
623 985
624 699
624 727
624 819
625 665
625 707
625 775
625 882
626 714
626 719
626 868
626 912
627 687
627 904
627 998
628 663
628 684
628 863
628 953
629 793
630 720
630 739
630 794
630 844
630 852
630 999
631 652
631 855
631 899
632 738
632 832
632 927
633 682
633 748
633 985
634 666
634 743
634 811
634 882
635 687
635 693
636 954
637 700
639 641
640 716
640 829
641 913
642 854
644 746
644 757
644 761
645 648
645 943
647 799
648 650
648 703
648 832
648 903
649 698
650 737
650 986
650 993
652 682
652 701
652 739
652 749
652 932
653 829
654 678
654 763
655 715
656 665
657 663
657 790
658 750
659 810
660 768
660 803
660 813
660 953
661 706
661 772
661 943
663 735
663 898
664 710
665 695
666 890
666 980
666 986
667 775
667 953
667 970
668 998
670 754
670 758
670 910
671 709
671 855
672 847
672 864
672 947
673 798
673 874
674 721
674 988
675 964
675 977
675 988
676 865
676 873
676 964
678 921
678 985
680 750
680 919
680 936
681 814
681 937
681 974
682 748
682 775
682 813
683 690
683 781
683 890
684 724
684 832
684 866
684 921
685 708
685 738
685 774
685 786
685 886
685 895
685 958
686 782
687 964
688 754
688 847
688 913
689 828
690 845
691 941
691 985
692 699
692 702
692 731
692 798
692 856
693 885
695 892
695 918
695 934
696 844
696 887
697 777
697 927
697 935
697 962
698 790
698 933
698 980
700 804
700 872
701 735
701 873
702 904
702 940
703 728
703 805
706 751
706 993
707 734
708 896
708 962
708 982
710 750
710 841
710 925
712 713
712 841
713 789
714 715
715 718
715 907
717 890
718 844
718 983
719 734
719 795
720 815
720 956
721 889
722 790
722 816
723 728
723 762
723 879
723 935
724 995
725 877
725 882
725 979
726 875
727 730
727 746
727 872
727 967
733 938
733 946
735 777
735 780
735 802
736 916
737 837
737 893
738 751
738 827
738 852
738 914
739 826
740 832
740 844
742 777
742 808
742 953
743 820
743 913
743 959
744 901
744 915
744 931
745 994
747 813
747 944
748 775
748 859
748 998
753 968
753 991
754 785
754 801
754 807
755 915
757 809
757 945
758 836
758 905
759 844
760 805
760 809
760 837
761 814
761 890
763 981
763 986
765 828
765 995
765 999
766 767
766 806
766 846
766 875
767 866
768 799
769 876
769 913
770 771
770 835
770 882
770 984
772 929
773 876
773 894
774 941
775 789
775 792
775 803
775 876
775 929
776 818
776 855
776 923
778 847
778 906
781 828
781 861
782 790
784 793
785 842
787 859
788 924
789 811
789 825
789 854
790 938
790 978
791 799
791 895
791 898
791 953
792 898
792 920
792 949
793 953
794 810
794 850
794 988
795 852
796 801
798 887
799 861
799 981
800 901
800 924
800 936
801 805
801 851
801 897
802 906
805 933
806 955
807 855
808 864
808 893
808 961
809 936
813 949
816 937
817 838
817 901
818 954
818 988
819 949
819 963
821 848
822 917
823 843
824 850
826 836
828 994
830 851
831 876
831 995
832 996
833 953
834 935
835 972
836 921
836 926
837 887
837 924
837 926
838 983
839 949
840 967
841 929
841 990
843 857
843 954
844 952
846 973
849 915
850 889
850 901
851 900
851 941
852 859
852 876
852 895
853 890
853 948
853 964
855 942
855 958
856 866
856 994
857 893
857 955
858 984
862 898
862 969
862 972
864 949
865 881
865 934
865 987
866 870
866 981
871 923
872 884
872 893
872 925
872 997
873 923
873 952
874 908
876 948
878 885
878 939
880 898
883 993
884 893
884 999
885 914
889 893
889 913
892 935
892 936
892 976
893 899
893 909
893 991
895 899
898 991
899 960
899 997
904 939
905 972
907 984
907 987
913 969
915 988
915 989
916 953
921 941
924 998
926 976
927 970
929 969
930 952
934 991
935 969
937 945
937 977
937 990
942 956
943 968
945 973
947 983
948 954
950 967
953 991
956 991
958 971
961 975
967 988
979 986
980 983
1000 590
1000 1001
1000 1002
1000 1003
1001 270
1001 1002
1001 1003
1002 932
1002 1003
1003 26
