64 236
0 1
0 2
0 3
0 4
0 5
0 6
0 7
0 8
0 9
0 10
0 11
0 12
0 13
0 14
0 15
0 16
0 17
0 18
0 19
0 20
0 21
0 22
0 23
0 24
0 25
0 26
0 27
0 28
0 29
0 30
0 31
0 32
0 33
0 34
0 35
0 36
0 37
0 38
0 39
0 40
0 41
0 42
0 43
0 44
0 45
0 46
0 47
0 48
0 49
0 50
0 51
0 52
0 53
0 54
0 55
0 56
0 57
0 58
0 59
1 18
1 21
1 39
2 19
2 32
2 52
3 21
3 26
3 30
3 34
3 35
3 44
3 48
4 5
4 17
4 19
4 25
4 26
4 43
4 47
4 53
5 12
5 14
5 31
5 40
5 45
5 51
6 10
6 12
6 18
6 26
6 37
6 46
6 53
7 8
7 25
7 45
7 47
7 50
8 20
8 41
8 54
8 55
9 13
9 40
9 53
9 54
10 26
10 49
10 52
10 58
11 17
11 18
11 40
11 44
11 48
11 52
11 58
12 26
13 17
13 40
13 43
13 53
13 55
14 22
14 31
14 42
15 23
16 28
16 32
16 38
16 39
16 40
16 49
16 52
17 18
17 25
17 37
17 38
17 48
17 51
17 59
19 22
19 28
19 36
19 46
19 53
20 36
20 52
20 59
21 31
21 39
21 41
22 33
22 37
23 24
23 25
23 35
23 52
23 53
23 56
24 30
24 34
24 39
24 57
25 28
25 29
25 30
25 34
25 35
26 30
26 44
26 51
27 54
28 33
28 42
28 53
28 57
28 59
29 43
29 48
30 52
30 53
31 37
31 49
31 55
31 56
33 38
33 54
34 40
34 41
34 47
34 50
35 51
35 53
35 54
35 57
36 38
36 39
36 41
36 46
36 50
36 53
36 58
37 41
37 46
37 54
38 46
38 59
39 49
39 51
40 46
40 58
40 59
41 57
42 55
43 50
44 48
44 49
44 52
45 47
45 51
46 53
47 59
50 56
50 57
54 59
60 43
60 61
60 62
60 63
61 27
61 62
61 63
62 25
62 63
63 31
