64 235
0 1
0 2
0 3
0 4
0 5
0 6
0 7
0 8
0 9
0 10
0 11
0 12
0 13
0 14
0 15
0 16
0 17
0 18
0 19
0 20
0 21
0 22
0 23
0 24
0 25
0 26
0 27
0 28
0 29
0 30
0 31
0 32
0 33
0 34
0 35
0 36
0 37
0 38
0 39
0 40
0 41
0 42
0 43
0 44
0 45
0 46
0 47
0 48
0 49
0 50
0 51
0 52
0 53
0 54
0 55
0 56
0 57
0 58
0 59
1 9
1 13
1 14
1 27
1 29
1 40
2 21
2 44
2 49
2 57
3 5
3 11
3 31
3 32
3 38
3 55
4 13
4 14
4 29
5 31
5 35
5 37
5 42
5 55
6 22
6 23
6 27
6 32
7 27
7 47
8 12
8 29
8 39
8 58
9 12
9 13
9 18
9 20
9 22
9 33
9 37
10 17
10 33
10 35
10 42
10 44
10 52
11 23
11 36
11 44
11 45
11 49
12 26
12 30
12 31
13 22
13 26
13 27
13 32
13 44
13 45
13 47
13 49
14 21
14 29
14 34
14 56
15 21
15 26
15 45
15 53
16 45
16 49
16 52
16 57
17 32
17 36
17 41
17 57
18 38
18 46
18 55
18 57
19 26
19 29
19 58
20 37
20 48
20 55
20 57
21 28
21 39
21 53
21 54
21 57
22 40
22 42
22 44
22 48
22 52
22 54
23 40
23 43
23 58
23 59
24 31
24 32
24 56
24 58
25 27
25 53
25 55
26 37
26 43
26 45
26 49
26 54
27 29
27 31
27 47
27 59
29 33
29 48
30 43
30 46
30 58
31 48
32 48
33 45
33 47
33 48
33 57
33 59
34 40
34 43
34 45
36 46
37 38
37 48
37 54
37 59
38 41
38 46
38 57
39 41
39 53
41 46
42 48
43 55
44 52
44 57
45 54
45 58
46 49
47 54
48 52
49 50
49 56
51 53
51 56
51 59
53 55
53 57
55 57
56 58
58 59
60 59
60 61
60 62
60 63
61 20
61 62
61 63
62 35
62 63
63 7
