54 200
0 1
0 2
0 3
0 4
0 5
0 6
0 7
0 8
0 9
0 10
0 11
0 12
0 13
0 14
0 15
0 16
0 17
0 18
0 19
0 20
0 21
0 22
0 23
0 24
0 25
0 26
0 27
0 28
0 29
0 30
0 31
0 32
0 33
0 34
0 35
0 36
0 37
0 38
0 39
0 40
0 41
0 42
0 43
0 44
0 45
0 46
0 47
0 48
0 49
1 6
1 14
1 16
1 19
1 35
1 38
2 11
2 22
2 27
2 30
2 31
2 48
3 8
3 18
3 27
3 44
4 34
5 6
5 12
5 14
5 18
5 39
5 48
6 12
6 16
6 18
6 22
6 23
6 31
6 41
6 42
6 43
6 49
7 39
8 28
8 30
8 31
8 39
8 41
9 13
9 28
9 29
9 36
9 44
9 45
10 26
10 33
10 46
11 27
11 33
11 36
11 42
12 25
12 31
12 41
12 46
13 26
13 32
13 37
13 40
13 42
13 45
13 47
14 16
14 21
15 18
15 30
15 39
15 41
16 24
16 25
16 26
16 38
16 49
17 41
18 19
18 22
18 29
18 37
18 42
18 44
18 46
19 21
19 29
19 33
19 36
19 44
19 48
20 33
20 36
21 23
21 28
21 30
21 42
21 45
22 23
22 24
23 24
23 28
23 49
24 37
25 29
25 36
25 39
25 46
25 47
26 32
26 36
26 40
27 38
29 34
29 37
30 35
30 36
30 37
30 38
30 40
30 45
31 32
31 36
32 46
33 36
33 38
33 39
33 48
34 37
34 40
34 45
34 49
35 37
35 38
35 40
36 37
37 38
37 43
38 41
38 42
40 45
41 44
43 44
45 46
50 30
50 51
50 52
50 53
51 46
51 52
51 53
52 10
52 53
53 26
