54 198
0 1
0 2
0 3
0 4
0 5
0 6
0 7
0 8
0 9
0 10
0 11
0 12
0 13
0 14
0 15
0 16
0 17
0 18
0 19
0 20
0 21
0 22
0 23
0 24
0 25
0 26
0 27
0 28
0 29
0 30
0 31
0 32
0 33
0 34
0 35
0 36
0 37
0 38
0 39
0 40
0 41
0 42
0 43
0 44
0 45
0 46
0 47
0 48
0 49
1 9
1 17
1 19
1 31
2 5
2 8
2 14
2 17
2 18
2 20
2 23
2 42
2 44
2 46
3 9
3 14
3 28
3 38
3 39
3 49
4 6
4 9
4 11
4 15
4 20
4 27
4 32
4 36
4 38
4 43
5 15
5 36
6 35
7 13
7 15
7 19
7 25
7 27
7 28
7 29
8 10
8 27
8 28
9 11
9 14
9 15
9 18
9 25
9 29
9 35
9 39
10 19
10 24
10 29
10 31
10 45
11 25
11 27
11 35
11 37
11 44
11 49
12 25
12 48
13 14
13 27
13 37
13 45
14 18
14 26
14 35
15 32
15 38
15 41
15 46
15 47
16 18
16 21
16 31
16 36
16 46
16 48
16 49
17 37
17 46
18 48
19 32
21 24
21 28
21 30
21 31
21 41
21 42
22 30
22 33
22 39
22 48
23 37
23 45
24 25
24 37
24 45
24 48
25 35
25 48
26 40
26 42
27 34
27 42
27 44
28 30
28 38
28 46
29 32
29 34
29 37
30 36
31 36
32 33
32 34
32 35
32 40
33 37
33 48
34 38
34 39
34 47
34 49
35 42
35 46
35 48
36 42
40 49
41 43
43 44
43 49
44 45
46 48
46 49
50 5
50 51
50 52
50 53
51 28
51 52
51 53
52 39
52 53
53 9
