104 398
0 1
0 2
0 3
0 4
0 5
0 6
0 7
0 8
0 9
0 10
0 11
0 12
0 13
0 14
0 15
0 16
0 17
0 18
0 19
0 20
0 21
0 22
0 23
0 24
0 25
0 26
0 27
0 28
0 29
0 30
0 31
0 32
0 33
0 34
0 35
0 36
0 37
0 38
0 39
0 40
0 41
0 42
0 43
0 44
0 45
0 46
0 47
0 48
0 49
0 50
0 51
0 52
0 53
0 54
0 55
0 56
0 57
0 58
0 59
0 60
0 61
0 62
0 63
0 64
0 65
0 66
0 67
0 68
0 69
0 70
0 71
0 72
0 73
0 74
0 75
0 76
0 77
0 78
0 79
0 80
0 81
0 82
0 83
0 84
0 85
0 86
0 87
0 88
0 89
0 90
0 91
0 92
0 93
0 94
0 95
0 96
0 97
0 98
0 99
1 7
1 12
1 33
1 53
1 55
1 73
1 76
1 84
2 8
2 27
2 33
3 7
3 37
3 55
3 58
3 85
3 88
3 97
4 23
4 71
4 76
5 24
5 43
5 49
5 78
5 82
5 85
5 86
5 91
5 96
6 16
6 46
6 49
6 85
7 12
7 20
7 45
7 62
7 83
8 21
8 31
8 35
8 37
9 39
9 57
9 58
9 63
9 70
9 85
10 65
11 39
11 64
11 66
11 98
12 17
12 32
12 58
12 62
12 74
12 78
12 83
12 93
12 96
12 99
13 27
13 44
13 47
13 85
14 50
14 72
14 73
14 96
15 49
16 20
16 22
16 25
16 38
16 57
16 62
16 64
16 69
16 89
17 23
17 34
17 72
17 75
17 76
17 77
18 31
19 39
19 42
19 44
19 47
19 66
19 96
20 22
20 25
20 44
20 46
20 53
20 66
20 68
20 83
20 96
20 99
21 49
21 51
22 42
22 49
23 48
23 58
23 72
23 79
23 80
23 90
23 94
24 33
24 61
24 62
24 71
24 72
24 74
25 45
25 65
25 89
26 36
26 41
26 43
26 50
26 54
26 73
27 32
27 49
27 54
27 70
27 89
28 63
28 76
28 88
28 95
28 97
29 33
29 38
29 43
29 51
29 76
29 89
30 32
30 64
30 69
30 71
30 73
30 74
30 88
30 95
30 98
30 99
31 33
31 56
31 69
31 77
31 99
32 52
32 56
32 73
32 84
32 99
33 56
33 64
33 98
34 44
34 65
35 36
35 40
35 58
35 79
35 98
36 42
37 47
37 56
37 68
37 72
37 81
38 87
39 62
39 75
39 84
39 87
40 41
40 51
40 55
40 56
40 58
41 84
41 96
42 54
42 73
42 75
42 80
42 86
43 97
44 50
44 94
45 84
45 88
45 94
46 69
47 60
47 88
47 94
48 56
48 60
48 72
48 85
49 52
49 60
49 67
50 53
50 61
50 63
50 92
50 97
51 89
51 90
52 60
52 94
53 87
54 73
54 96
55 59
55 74
55 84
55 94
55 95
56 72
56 74
57 58
57 59
57 80
57 85
57 92
58 85
58 96
58 99
60 81
62 63
62 66
62 68
63 68
63 78
64 72
65 78
66 87
66 91
66 94
67 81
67 84
68 69
68 92
69 80
69 89
70 77
70 79
70 95
70 99
71 87
72 99
73 77
73 82
73 95
75 98
76 90
76 98
78 82
78 85
79 92
79 93
80 93
81 98
82 95
84 96
85 94
86 94
86 96
87 89
87 92
89 99
90 95
94 97
100 88
100 101
100 102
100 103
101 34
101 102
101 103
102 70
102 103
103 62
