64 235
0 1
0 2
0 3
0 4
0 5
0 6
0 7
0 8
0 9
0 10
0 11
0 12
0 13
0 14
0 15
0 16
0 17
0 18
0 19
0 20
0 21
0 22
0 23
0 24
0 25
0 26
0 27
0 28
0 29
0 30
0 31
0 32
0 33
0 34
0 35
0 36
0 37
0 38
0 39
0 40
0 41
0 42
0 43
0 44
0 45
0 46
0 47
0 48
0 49
0 50
0 51
0 52
0 53
0 54
0 55
0 56
0 57
0 58
0 59
1 4
1 8
1 19
1 21
1 41
1 43
1 45
1 47
1 55
2 10
2 11
2 37
2 45
2 47
3 8
3 19
3 23
3 30
3 37
3 47
4 29
4 41
5 22
5 35
5 37
5 43
5 57
6 11
6 16
6 27
6 48
6 58
7 21
7 33
7 48
7 53
8 22
8 29
9 12
9 21
9 23
9 29
9 35
9 46
9 53
10 11
10 13
10 17
10 28
10 32
10 33
10 43
11 27
11 32
11 37
11 48
12 21
12 27
12 36
12 53
12 55
13 54
13 56
14 21
14 29
14 39
14 41
14 43
14 49
14 58
14 59
15 20
15 21
15 24
15 31
15 34
15 49
15 56
15 57
16 33
16 34
16 35
16 44
16 53
17 30
17 32
17 40
17 41
17 56
18 26
18 29
18 30
18 45
18 52
19 29
19 30
19 33
19 38
19 41
20 54
21 23
21 44
22 31
22 36
22 45
22 58
23 24
23 25
23 26
23 59
24 34
24 51
25 55
25 58
25 59
26 27
26 37
26 41
27 41
28 41
28 57
29 35
30 33
30 34
30 58
31 33
31 43
31 44
31 45
31 48
31 53
31 59
32 56
34 37
34 51
35 43
35 50
36 42
36 43
36 45
37 43
38 59
39 44
40 46
41 46
41 59
42 46
42 52
43 44
44 53
44 59
45 58
46 54
46 56
46 58
47 53
47 55
47 56
49 54
50 51
53 57
53 58
54 56
55 56
56 57
57 58
60 12
60 61
60 62
60 63
61 33
61 62
61 63
62 19
62 63
63 52
