94 356
0 1
0 2
0 3
0 4
0 5
0 6
0 7
0 8
0 9
0 10
0 11
0 12
0 13
0 14
0 15
0 16
0 17
0 18
0 19
0 20
0 21
0 22
0 23
0 24
0 25
0 26
0 27
0 28
0 29
0 30
0 31
0 32
0 33
0 34
0 35
0 36
0 37
0 38
0 39
0 40
0 41
0 42
0 43
0 44
0 45
0 46
0 47
0 48
0 49
0 50
0 51
0 52
0 53
0 54
0 55
0 56
0 57
0 58
0 59
0 60
0 61
0 62
0 63
0 64
0 65
0 66
0 67
0 68
0 69
0 70
0 71
0 72
0 73
0 74
0 75
0 76
0 77
0 78
0 79
0 80
0 81
0 82
0 83
0 84
0 85
0 86
0 87
0 88
0 89
1 17
1 27
1 47
1 80
2 28
2 33
2 34
2 35
2 46
2 50
2 62
2 66
2 72
2 77
2 78
2 83
2 86
3 13
3 26
3 29
3 63
3 65
3 76
3 88
4 33
4 38
4 52
4 53
4 64
4 65
4 87
5 45
5 46
5 54
5 64
5 74
5 89
6 12
6 28
6 57
6 84
7 10
7 21
7 38
7 55
7 86
7 88
8 29
8 71
8 78
8 87
9 11
9 26
9 58
9 65
9 71
9 77
9 84
9 89
10 11
10 13
10 22
10 30
10 41
11 27
11 54
11 55
11 68
11 71
12 18
12 35
12 48
12 50
12 65
12 80
12 86
13 39
13 43
13 50
13 57
13 68
13 74
14 22
14 75
15 31
15 37
15 53
15 71
16 35
16 79
16 87
17 28
17 42
17 57
17 69
18 21
18 42
18 55
18 56
19 26
19 37
19 52
19 57
19 58
20 25
20 67
20 71
20 76
21 35
21 51
21 53
21 67
21 89
22 42
22 61
22 79
23 64
24 34
24 46
24 47
24 62
24 85
25 40
25 54
25 58
25 64
26 72
26 81
26 87
27 34
27 57
27 60
27 88
28 33
28 35
28 45
28 65
29 59
29 69
30 33
30 50
30 53
30 63
31 34
31 69
31 70
32 37
32 56
32 65
33 49
34 58
34 61
34 62
34 83
35 42
35 68
35 69
35 81
35 83
36 37
36 62
36 65
36 77
38 51
38 61
38 71
39 71
39 88
40 64
40 66
40 78
41 73
41 87
42 47
42 61
42 63
42 67
42 71
42 74
42 85
43 45
43 70
44 52
44 60
45 48
45 52
45 69
45 76
46 47
46 60
47 75
47 83
48 61
48 62
48 66
48 85
49 69
50 53
50 65
50 67
51 64
51 73
52 70
52 80
53 70
53 82
53 89
54 63
54 68
55 57
55 64
55 73
55 74
55 79
56 69
56 71
57 65
57 83
57 89
58 65
58 71
58 75
58 82
59 87
60 61
60 65
60 68
60 74
60 76
61 66
61 73
62 75
63 73
63 74
63 78
63 80
63 83
64 74
64 82
64 84
64 86
66 69
66 86
67 83
68 69
68 79
70 85
70 86
71 79
71 88
72 74
72 83
73 78
75 77
78 82
82 84
85 87
90 82
90 91
90 92
90 93
91 16
91 92
91 93
92 84
92 93
93 32
