104 395
0 1
0 2
0 3
0 4
0 5
0 6
0 7
0 8
0 9
0 10
0 11
0 12
0 13
0 14
0 15
0 16
0 17
0 18
0 19
0 20
0 21
0 22
0 23
0 24
0 25
0 26
0 27
0 28
0 29
0 30
0 31
0 32
0 33
0 34
0 35
0 36
0 37
0 38
0 39
0 40
0 41
0 42
0 43
0 44
0 45
0 46
0 47
0 48
0 49
0 50
0 51
0 52
0 53
0 54
0 55
0 56
0 57
0 58
0 59
0 60
0 61
0 62
0 63
0 64
0 65
0 66
0 67
0 68
0 69
0 70
0 71
0 72
0 73
0 74
0 75
0 76
0 77
0 78
0 79
0 80
0 81
0 82
0 83
0 84
0 85
0 86
0 87
0 88
0 89
0 90
0 91
0 92
0 93
0 94
0 95
0 96
0 97
0 98
0 99
1 15
1 23
1 28
1 51
1 70
1 80
2 9
2 58
3 42
3 64
3 68
3 79
3 91
4 19
4 21
4 66
5 7
5 36
5 48
5 74
5 82
6 24
6 32
6 46
6 48
6 61
6 72
6 79
6 91
7 9
7 20
7 34
7 37
7 48
7 63
8 16
8 24
8 25
8 41
8 43
8 58
8 64
8 71
8 92
9 49
9 76
10 14
10 25
10 33
10 48
10 52
10 67
10 75
10 76
10 81
11 24
11 50
11 57
11 97
12 29
12 34
12 88
12 90
12 98
13 57
14 19
14 61
15 22
15 40
15 56
15 96
16 42
16 74
16 87
16 90
17 18
17 27
18 35
18 83
19 22
19 29
19 41
19 73
19 80
20 35
20 37
20 42
20 91
21 27
21 51
21 55
21 56
21 57
21 76
21 83
22 23
22 76
22 92
22 94
23 31
23 48
23 79
24 44
24 57
24 65
24 70
24 76
24 90
25 27
25 52
25 58
25 72
25 75
25 84
26 28
26 39
26 59
26 62
26 78
26 98
27 29
27 42
27 63
27 66
28 88
29 31
29 33
29 40
29 55
29 99
30 42
30 54
31 35
31 53
31 58
31 66
31 74
31 79
31 81
31 83
31 90
31 91
31 94
31 97
32 34
32 74
32 79
32 98
33 51
33 64
33 73
33 78
34 62
34 66
34 73
34 81
34 97
34 98
35 43
36 68
36 90
37 46
37 50
37 51
37 53
37 54
37 75
37 84
38 48
38 73
38 74
38 81
39 51
39 53
39 62
39 81
39 83
40 58
42 46
42 48
42 80
42 98
43 62
43 63
43 98
43 99
44 48
44 77
44 83
44 85
45 64
45 70
47 59
47 82
47 88
48 53
48 59
48 61
48 63
48 95
48 99
49 50
49 55
49 64
49 74
50 85
50 86
50 93
51 58
51 67
51 83
51 94
52 71
52 96
54 55
54 57
54 82
55 65
55 71
55 85
55 87
55 91
55 93
55 96
57 66
57 70
57 86
58 68
58 93
59 78
61 66
61 81
61 92
62 67
62 82
62 96
63 78
63 81
64 74
64 94
65 66
65 88
65 95
66 76
66 83
66 94
67 73
67 76
67 90
67 99
68 77
68 79
68 81
70 73
70 74
71 85
72 90
72 92
72 93
73 86
73 93
74 83
74 86
74 90
74 94
75 86
75 87
76 88
76 92
77 80
79 91
80 99
82 87
83 98
84 98
85 88
86 91
86 92
86 94
88 92
88 96
89 95
89 96
90 94
91 99
96 97
100 35
100 101
100 102
100 103
101 37
101 102
101 103
102 49
102 103
103 35
