84 309
0 1
0 2
0 3
0 4
0 5
0 6
0 7
0 8
0 9
0 10
0 11
0 12
0 13
0 14
0 15
0 16
0 17
0 18
0 19
0 20
0 21
0 22
0 23
0 24
0 25
0 26
0 27
0 28
0 29
0 30
0 31
0 32
0 33
0 34
0 35
0 36
0 37
0 38
0 39
0 40
0 41
0 42
0 43
0 44
0 45
0 46
0 47
0 48
0 49
0 50
0 51
0 52
0 53
0 54
0 55
0 56
0 57
0 58
0 59
0 60
0 61
0 62
0 63
0 64
0 65
0 66
0 67
0 68
0 69
0 70
0 71
0 72
0 73
0 74
0 75
0 76
0 77
0 78
0 79
1 20
1 27
1 41
1 42
1 60
2 20
2 23
2 36
3 21
3 26
3 37
3 56
4 16
4 23
4 33
4 43
4 49
4 64
5 6
5 8
5 22
5 32
5 48
5 74
5 77
6 19
6 23
6 57
6 63
6 64
7 26
7 41
7 57
8 10
8 44
8 49
9 10
9 29
9 58
10 30
10 37
10 52
10 69
11 15
11 37
11 39
11 45
11 60
11 62
11 74
12 51
12 59
12 61
12 73
13 35
13 42
13 70
14 16
14 17
14 32
14 39
15 24
15 27
15 46
15 56
15 62
15 69
15 71
15 78
16 22
16 25
16 44
16 52
16 57
16 58
16 63
17 26
17 30
17 36
17 37
17 59
17 72
19 28
19 35
19 61
19 64
19 69
20 43
20 77
21 58
21 61
21 73
21 76
21 79
22 48
22 70
22 72
22 79
23 41
23 44
23 54
23 70
23 74
23 75
24 53
24 60
24 75
25 26
25 32
25 34
25 59
26 37
26 78
27 47
27 53
28 39
28 40
28 47
28 50
29 36
29 44
29 48
29 59
30 41
30 52
31 42
31 53
31 58
31 66
31 72
32 49
32 65
32 67
33 51
34 35
34 67
35 48
35 57
35 67
35 71
36 53
36 56
36 64
36 66
36 71
37 44
37 54
37 62
37 71
38 67
39 49
39 64
40 41
40 49
40 73
42 69
42 75
42 76
43 45
43 60
43 69
44 54
44 55
44 68
44 71
45 51
45 74
46 50
46 59
46 63
46 69
46 71
47 51
47 71
48 62
48 64
48 77
49 55
49 77
50 56
50 69
51 55
51 74
51 76
52 70
52 72
53 54
53 59
53 72
53 79
54 71
55 63
55 66
55 78
56 74
57 68
57 76
58 62
58 65
59 69
60 62
60 64
60 71
61 68
61 70
61 79
62 66
62 78
63 70
63 72
63 76
64 65
65 72
67 75
68 75
69 79
73 76
74 75
74 77
75 78
80 46
80 81
80 82
80 83
81 38
81 82
81 83
82 8
82 83
83 4
