74 275
0 1
0 2
0 3
0 4
0 5
0 6
0 7
0 8
0 9
0 10
0 11
0 12
0 13
0 14
0 15
0 16
0 17
0 18
0 19
0 20
0 21
0 22
0 23
0 24
0 25
0 26
0 27
0 28
0 29
0 30
0 31
0 32
0 33
0 34
0 35
0 36
0 37
0 38
0 39
0 40
0 41
0 42
0 43
0 44
0 45
0 46
0 47
0 48
0 49
0 50
0 51
0 52
0 53
0 54
0 55
0 56
0 57
0 58
0 59
0 60
0 61
0 62
0 63
0 64
0 65
0 66
0 67
0 68
0 69
1 5
1 24
1 28
1 29
1 35
1 38
1 65
2 16
2 41
2 55
2 59
2 60
2 63
3 12
3 24
3 45
3 59
4 15
4 46
4 47
4 55
4 64
5 10
5 11
5 15
5 19
5 28
5 44
5 49
5 53
5 64
6 9
6 12
6 21
6 25
6 36
6 42
7 11
7 12
7 36
7 56
7 61
7 66
8 13
8 22
8 44
8 67
9 18
9 39
9 40
9 44
10 20
10 23
10 47
11 29
11 30
11 32
11 39
11 44
11 54
11 57
11 60
11 64
12 18
12 22
12 34
12 47
12 49
12 51
12 52
13 42
13 51
13 53
14 17
14 22
14 29
14 49
14 55
15 51
15 52
15 54
15 55
16 17
16 27
16 31
17 25
17 30
17 57
17 64
18 60
18 64
18 67
19 35
19 47
19 48
19 60
20 51
21 38
21 59
22 34
22 54
23 43
23 45
23 48
23 50
24 33
24 38
24 42
24 63
24 65
24 67
25 26
25 28
25 34
25 39
26 56
26 69
27 37
27 51
27 56
28 29
28 34
28 61
29 63
29 65
29 68
30 42
31 35
31 38
31 63
31 67
31 68
32 53
32 60
33 34
33 39
34 35
34 38
34 40
34 48
34 54
34 67
35 45
35 56
35 69
36 37
36 38
37 51
37 68
38 40
38 48
38 58
38 67
39 50
41 42
41 52
41 53
42 48
42 51
42 52
42 69
43 45
43 63
43 65
44 48
44 49
44 55
44 57
45 47
45 61
46 61
46 65
46 66
47 50
47 60
47 62
47 69
48 69
49 52
50 55
51 53
51 61
52 64
52 65
53 56
53 58
54 64
54 68
55 61
55 63
57 60
58 60
58 69
60 64
63 65
64 66
70 47
70 71
70 72
70 73
71 3
71 72
71 73
72 31
72 73
73 28
