104 399
0 1
0 2
0 3
0 4
0 5
0 6
0 7
0 8
0 9
0 10
0 11
0 12
0 13
0 14
0 15
0 16
0 17
0 18
0 19
0 20
0 21
0 22
0 23
0 24
0 25
0 26
0 27
0 28
0 29
0 30
0 31
0 32
0 33
0 34
0 35
0 36
0 37
0 38
0 39
0 40
0 41
0 42
0 43
0 44
0 45
0 46
0 47
0 48
0 49
0 50
0 51
0 52
0 53
0 54
0 55
0 56
0 57
0 58
0 59
0 60
0 61
0 62
0 63
0 64
0 65
0 66
0 67
0 68
0 69
0 70
0 71
0 72
0 73
0 74
0 75
0 76
0 77
0 78
0 79
0 80
0 81
0 82
0 83
0 84
0 85
0 86
0 87
0 88
0 89
0 90
0 91
0 92
0 93
0 94
0 95
0 96
0 97
0 98
0 99
1 15
1 41
1 48
1 57
1 70
1 72
1 77
2 4
2 14
2 21
2 29
2 38
2 56
2 82
2 86
2 92
2 96
3 57
3 90
3 94
3 95
3 96
4 37
4 64
5 9
5 12
5 19
5 42
5 43
5 52
5 77
5 94
6 47
6 51
6 56
6 62
6 70
7 23
7 45
7 48
7 80
7 81
8 11
8 24
8 40
8 58
8 66
8 86
9 22
9 49
9 66
9 86
9 89
10 14
10 29
10 32
10 61
10 62
10 63
10 78
10 79
10 89
11 12
11 20
11 31
11 55
11 80
11 81
11 95
13 22
13 36
13 65
13 77
13 87
14 18
14 25
14 36
15 22
15 43
15 45
15 49
15 60
15 83
15 97
15 99
16 23
16 27
16 38
16 77
16 84
16 98
17 56
17 75
17 85
17 95
17 98
18 34
18 41
18 43
18 60
18 80
18 91
18 98
19 28
19 32
19 45
19 54
19 73
20 77
20 80
20 96
21 44
21 71
21 73
21 79
22 35
22 72
22 84
23 31
23 47
23 71
23 77
23 88
23 98
24 42
25 27
25 28
25 41
25 52
25 70
25 88
25 91
25 92
25 94
25 97
26 32
26 45
26 67
26 93
27 33
27 47
27 61
27 94
28 39
28 50
28 72
28 80
28 93
29 37
29 47
29 48
29 54
30 47
30 51
30 99
31 36
31 45
31 82
31 89
32 43
32 52
32 56
32 61
32 65
32 73
32 75
32 77
32 80
33 42
33 58
34 49
34 59
34 67
34 78
34 85
36 39
36 51
36 71
36 81
36 96
37 38
37 44
37 57
38 73
38 76
38 97
39 52
39 77
39 98
40 45
40 50
40 65
40 85
41 53
41 67
41 83
42 63
42 79
42 82
42 90
43 50
43 64
43 94
43 97
44 59
44 61
44 63
44 64
45 55
45 62
45 85
46 48
46 73
46 80
46 95
47 53
47 62
47 90
48 73
49 80
49 93
50 63
50 91
50 93
51 81
51 98
52 67
53 55
53 80
53 89
53 95
54 65
54 81
54 91
55 65
55 83
55 84
56 58
56 63
56 77
58 75
58 79
58 86
58 92
58 94
59 67
59 94
59 99
60 65
60 79
60 82
60 93
61 69
61 87
62 63
62 67
62 79
62 92
63 72
63 81
63 83
64 78
66 88
67 72
67 73
69 92
71 84
72 87
74 83
74 89
75 86
75 97
78 92
78 96
78 99
79 87
79 89
79 90
80 92
80 94
82 84
82 91
83 93
84 90
86 87
86 91
86 92
90 97
94 97
95 99
100 12
100 101
100 102
100 103
101 57
101 102
101 103
102 76
102 103
103 93
