29 98
0 1
0 2
0 3
0 4
0 5
0 6
0 7
0 8
0 9
0 10
0 11
0 12
0 13
0 14
0 15
0 16
0 17
0 18
0 19
0 20
0 21
0 22
0 23
0 24
1 3
1 4
1 6
1 7
1 12
1 13
1 20
1 21
2 4
2 8
2 14
2 19
3 6
3 11
3 18
3 19
4 6
4 9
4 16
5 8
5 9
5 10
5 14
5 21
6 8
6 10
6 15
6 17
6 20
7 19
7 23
8 15
8 16
8 22
8 23
9 11
9 13
9 14
9 15
9 16
9 22
9 23
10 13
10 14
10 20
10 23
11 13
11 23
12 20
13 15
13 16
14 18
15 22
16 18
16 19
16 22
17 18
17 24
18 24
19 20
19 22
20 21
20 24
21 22
25 3
25 26
25 27
25 28
26 19
26 27
26 28
27 7
27 28
28 16
