64 241
0 1
0 2
0 3
0 4
0 5
0 6
0 7
0 8
0 9
0 10
0 11
0 12
0 13
0 14
0 15
0 16
0 17
0 18
0 19
0 20
0 21
0 22
0 23
0 24
0 25
0 26
0 27
0 28
0 29
0 30
0 31
0 32
0 33
0 34
0 35
0 36
0 37
0 38
0 39
0 40
0 41
0 42
0 43
0 44
0 45
0 46
0 47
0 48
0 49
0 50
0 51
0 52
0 53
0 54
0 55
0 56
0 57
0 58
0 59
1 36
1 48
1 50
1 55
1 58
2 5
2 15
2 43
2 44
2 51
3 13
3 21
3 23
3 25
3 32
3 56
4 25
4 40
4 42
4 49
4 56
5 7
5 17
5 31
5 32
5 35
5 36
5 41
5 43
6 16
6 18
6 23
6 32
6 47
6 48
6 52
7 11
7 33
7 46
7 55
8 15
8 33
8 52
8 57
9 11
9 14
9 17
9 53
9 58
10 13
10 34
10 52
10 54
10 57
11 23
11 32
11 42
11 56
11 57
12 19
12 21
12 32
12 50
12 58
14 21
14 22
14 29
14 37
14 56
15 43
16 24
16 25
16 29
16 37
16 58
17 20
17 30
17 32
17 42
17 44
17 46
17 48
18 20
18 34
18 35
18 41
18 50
18 57
18 59
19 20
19 22
19 23
19 26
19 29
19 56
20 34
20 35
20 43
20 57
20 58
21 35
21 37
22 29
22 44
22 45
22 48
23 26
23 50
23 55
24 47
24 52
24 53
24 56
25 32
25 39
25 50
26 29
26 39
26 41
26 47
27 28
27 36
27 40
27 50
27 53
28 35
28 55
28 59
29 49
30 32
30 53
30 55
31 40
31 48
32 42
32 46
32 51
32 54
33 44
33 57
34 43
34 46
34 52
35 38
35 39
35 45
35 47
35 51
37 39
37 52
38 41
38 44
38 45
39 43
40 47
40 55
41 58
42 43
42 49
42 51
43 45
44 58
46 52
47 52
47 56
49 52
49 54
49 59
53 55
54 56
54 57
57 58
60 5
60 61
60 62
60 63
61 19
61 62
61 63
62 16
62 63
63 15
