54 196
0 1
0 2
0 3
0 4
0 5
0 6
0 7
0 8
0 9
0 10
0 11
0 12
0 13
0 14
0 15
0 16
0 17
0 18
0 19
0 20
0 21
0 22
0 23
0 24
0 25
0 26
0 27
0 28
0 29
0 30
0 31
0 32
0 33
0 34
0 35
0 36
0 37
0 38
0 39
0 40
0 41
0 42
0 43
0 44
0 45
0 46
0 47
0 48
0 49
1 10
1 15
1 33
1 35
1 44
1 47
2 12
2 17
2 23
2 30
2 33
2 43
3 12
3 22
4 16
4 19
4 24
4 29
4 31
4 43
4 49
5 14
5 19
5 27
5 33
5 34
5 37
6 9
6 26
6 28
6 29
7 39
7 48
8 17
8 48
9 14
9 25
9 28
9 39
9 44
9 46
9 48
10 19
10 22
10 25
10 27
10 36
10 37
10 46
10 49
11 22
11 37
11 40
11 44
12 26
12 27
12 28
12 44
13 26
13 30
13 33
13 39
13 40
13 49
14 22
14 30
14 31
14 33
14 34
14 38
15 32
15 39
15 42
16 18
16 23
16 29
16 30
16 31
17 19
17 23
17 40
17 41
17 44
18 23
18 24
18 29
18 46
18 49
19 31
19 35
19 49
20 22
20 32
20 33
20 36
21 22
21 23
21 27
22 27
22 46
23 32
23 43
24 31
24 35
24 40
24 44
26 44
26 46
28 30
29 44
30 37
30 40
30 41
30 42
30 47
31 40
31 41
31 44
31 47
32 35
33 45
35 46
36 41
36 44
37 39
37 47
39 40
39 42
39 47
39 49
40 42
41 47
43 45
43 48
45 47
45 48
46 48
50 1
50 51
50 52
50 53
51 35
51 52
51 53
52 9
52 53
53 23
