44 150
0 1
0 2
0 3
0 4
0 5
0 6
0 7
0 8
0 9
0 10
0 11
0 12
0 13
0 14
0 15
0 16
0 17
0 18
0 19
0 20
0 21
0 22
0 23
0 24
0 25
0 26
0 27
0 28
0 29
0 30
0 31
0 32
0 33
0 34
0 35
0 36
0 37
0 38
0 39
1 13
1 16
1 17
1 18
1 32
1 36
2 13
2 16
2 23
2 33
3 11
3 16
3 27
3 30
3 35
4 7
4 25
5 6
5 8
5 14
5 32
5 35
6 14
6 16
6 21
6 37
7 9
7 15
7 21
7 23
7 29
8 10
8 16
8 22
8 33
8 36
8 37
9 12
9 16
9 21
9 24
10 11
10 15
10 26
10 27
10 30
10 31
10 39
11 14
11 21
11 37
12 33
12 39
13 14
13 15
14 28
14 38
15 17
15 19
15 20
15 21
15 33
15 34
15 38
16 32
16 36
17 21
17 23
17 26
17 33
18 24
18 32
18 34
18 37
19 22
19 28
19 35
19 37
20 32
20 35
21 29
21 35
22 25
22 28
23 26
23 28
23 37
24 38
25 30
25 32
25 35
25 38
26 29
26 33
27 30
27 33
28 39
29 37
31 36
33 38
33 39
40 37
40 41
40 42
40 43
41 13
41 42
41 43
42 37
42 43
43 26
