54 201
0 1
0 2
0 3
0 4
0 5
0 6
0 7
0 8
0 9
0 10
0 11
0 12
0 13
0 14
0 15
0 16
0 17
0 18
0 19
0 20
0 21
0 22
0 23
0 24
0 25
0 26
0 27
0 28
0 29
0 30
0 31
0 32
0 33
0 34
0 35
0 36
0 37
0 38
0 39
0 40
0 41
0 42
0 43
0 44
0 45
0 46
0 47
0 48
0 49
1 4
1 5
1 23
1 25
1 29
1 42
2 8
2 22
2 27
2 38
2 44
2 48
3 27
3 29
3 35
3 43
4 18
4 23
4 29
4 40
4 43
4 49
5 8
5 12
5 19
5 27
5 33
6 10
6 25
6 27
6 45
6 47
7 35
7 45
8 19
8 34
8 39
8 42
9 25
9 45
10 24
10 26
10 33
10 41
11 27
11 34
11 38
11 48
12 20
12 26
12 29
12 43
13 18
13 20
13 21
14 38
14 43
14 49
15 24
15 25
15 27
15 35
15 36
15 42
16 23
16 28
16 29
16 38
16 41
16 45
16 48
17 26
17 44
18 19
18 28
18 37
18 42
18 43
18 49
19 22
19 29
19 31
20 30
20 32
20 37
20 38
20 39
20 46
21 38
21 43
21 47
22 29
22 30
22 44
23 31
23 35
23 38
23 41
23 42
23 44
23 46
23 48
24 40
24 41
24 43
25 27
25 30
25 36
25 39
25 41
26 29
26 46
26 48
28 30
28 32
29 31
29 39
29 44
29 45
29 49
30 32
30 42
31 36
31 41
31 44
32 34
32 39
32 49
33 44
34 39
34 49
35 40
35 47
35 49
36 37
37 43
37 48
38 40
39 42
39 43
42 44
45 46
50 32
50 51
50 52
50 53
51 26
51 52
51 53
52 49
52 53
53 12
