64 234
0 1
0 2
0 3
0 4
0 5
0 6
0 7
0 8
0 9
0 10
0 11
0 12
0 13
0 14
0 15
0 16
0 17
0 18
0 19
0 20
0 21
0 22
0 23
0 24
0 25
0 26
0 27
0 28
0 29
0 30
0 31
0 32
0 33
0 34
0 35
0 36
0 37
0 38
0 39
0 40
0 41
0 42
0 43
0 44
0 45
0 46
0 47
0 48
0 49
0 50
0 51
0 52
0 53
0 54
0 55
0 56
0 57
0 58
0 59
1 22
1 23
1 26
1 39
1 50
1 53
2 31
2 49
3 6
3 7
3 8
3 19
3 34
3 35
3 52
3 58
4 6
4 7
4 23
4 25
4 28
4 37
4 42
5 16
5 21
5 48
5 49
7 15
7 24
7 26
7 29
7 33
7 38
7 39
7 51
8 10
8 12
8 18
8 21
8 22
8 28
8 30
8 32
8 36
8 38
8 43
8 46
8 58
9 16
9 25
9 27
9 41
10 23
10 37
11 30
11 43
11 46
11 47
11 51
11 57
11 59
12 35
12 36
12 47
12 58
13 25
13 31
13 52
14 17
14 21
14 24
14 30
14 38
14 48
14 51
14 58
15 23
15 42
15 47
16 21
16 26
16 32
16 34
16 40
16 42
16 50
16 51
16 52
17 23
17 38
17 45
18 25
18 41
18 43
18 49
19 27
19 38
19 47
19 57
19 59
20 21
20 23
20 25
20 38
20 39
20 59
21 27
22 32
22 39
22 48
22 51
22 55
23 30
23 33
24 30
24 36
24 52
24 54
26 48
26 54
27 39
28 56
29 41
29 53
30 50
30 55
31 40
31 45
31 55
32 39
32 42
32 43
32 44
32 51
32 54
32 55
32 58
33 46
33 54
33 55
35 43
35 44
35 52
35 53
36 42
37 41
37 44
37 49
37 59
38 45
38 48
39 47
39 50
39 57
40 58
41 42
44 56
45 55
46 51
47 52
47 56
49 52
49 56
51 55
56 57
60 38
60 61
60 62
60 63
61 50
61 62
61 63
62 54
62 63
63 28
