74 274
0 1
0 2
0 3
0 4
0 5
0 6
0 7
0 8
0 9
0 10
0 11
0 12
0 13
0 14
0 15
0 16
0 17
0 18
0 19
0 20
0 21
0 22
0 23
0 24
0 25
0 26
0 27
0 28
0 29
0 30
0 31
0 32
0 33
0 34
0 35
0 36
0 37
0 38
0 39
0 40
0 41
0 42
0 43
0 44
0 45
0 46
0 47
0 48
0 49
0 50
0 51
0 52
0 53
0 54
0 55
0 56
0 57
0 58
0 59
0 60
0 61
0 62
0 63
0 64
0 65
0 66
0 67
0 68
0 69
1 5
1 27
1 45
1 50
1 51
1 62
1 66
1 68
1 69
2 30
2 41
2 46
2 48
2 51
2 53
3 9
3 10
3 29
3 38
3 44
4 7
4 17
4 24
4 25
4 26
4 41
4 43
4 64
5 7
5 24
5 35
5 50
5 59
6 10
6 17
6 33
6 60
7 16
7 19
7 27
7 33
7 43
7 44
8 15
8 20
8 26
8 28
8 32
8 62
9 32
9 46
9 51
10 46
10 53
11 19
11 23
11 31
12 14
12 59
12 60
12 66
13 21
13 28
13 32
13 43
13 61
13 67
14 20
14 42
14 43
14 48
14 52
14 54
15 25
15 40
15 44
15 47
16 20
17 24
17 45
17 56
17 64
18 19
18 31
18 44
18 57
19 25
19 30
19 31
19 37
19 41
19 43
19 47
19 54
19 59
19 66
20 60
21 24
21 33
21 39
21 52
22 23
22 29
22 31
22 44
22 59
22 60
22 64
23 26
23 34
23 55
24 27
24 56
25 31
25 50
25 51
26 42
26 43
26 48
26 55
27 35
27 66
28 38
28 63
29 56
29 61
29 63
30 40
30 42
30 47
30 48
30 49
31 40
31 41
31 43
31 44
31 61
33 34
33 42
33 50
33 61
33 67
34 43
34 44
34 53
36 49
38 40
38 45
38 64
39 45
39 47
39 51
39 55
40 59
40 69
41 51
41 52
41 59
41 63
42 56
42 64
43 44
44 47
44 52
44 64
45 57
46 48
46 62
46 64
46 69
47 50
47 52
47 55
48 52
48 61
48 64
49 51
49 58
50 68
50 69
51 64
53 54
54 55
54 67
55 58
55 61
55 62
58 62
60 68
61 62
62 63
63 68
65 67
66 67
66 68
70 37
70 71
70 72
70 73
71 59
71 72
71 73
72 4
72 73
73 44
