34 119
0 1
0 2
0 3
0 4
0 5
0 6
0 7
0 8
0 9
0 10
0 11
0 12
0 13
0 14
0 15
0 16
0 17
0 18
0 19
0 20
0 21
0 22
0 23
0 24
0 25
0 26
0 27
0 28
0 29
1 6
1 8
1 10
1 11
1 19
1 29
2 5
2 8
2 14
2 17
2 21
3 9
3 14
4 10
4 17
4 25
4 27
5 12
5 15
5 16
5 27
6 7
6 15
6 16
6 26
7 18
7 19
7 22
7 23
7 26
7 28
8 11
8 13
8 16
8 18
9 10
9 18
9 21
9 22
9 23
9 25
10 16
10 18
10 25
11 16
11 22
11 26
11 27
11 29
12 16
12 18
12 25
12 28
13 14
13 20
13 21
13 24
14 16
14 26
14 28
15 20
15 27
16 22
16 24
17 21
17 23
17 27
17 29
18 23
19 20
19 29
20 21
20 27
21 25
22 29
23 24
23 25
23 28
23 29
24 29
30 18
30 31
30 32
30 33
31 16
31 32
31 33
32 22
32 33
33 26
